#centrality dS/dy Npart_min Npart_max b_min(fm) b_max(fm)
0.0 1000000.0 500.0 500.0 0.0 0.0
0.0001 24.2424 20.0 30.0 0.0 5.0
0.0002 23.2873 20.0 30.0 0.0 5.0
0.0003 22.7286 20.0 30.0 0.0 5.0
0.0004 22.3322 20.0 30.0 0.0 5.0
0.0005 22.0247 20.0 30.0 0.0 5.0
0.0006 21.7735 20.0 30.0 0.0 5.0
0.0007 21.5611 20.0 30.0 0.0 5.0
0.0008 21.3771 20.0 30.0 0.0 5.0
0.0009 21.2148 20.0 30.0 0.0 5.0
0.001 21.069591 20.0 30.0 0.35321758 3.5924078
0.002 20.035177 19.0 26.0 0.19911641 3.2877423
0.003 19.515264 15.0 28.0 0.61927843 4.2308276
0.004 19.027387 15.0 23.0 0.50622286 5.0159189
0.005 18.803783 17.0 27.0 0.81589978 4.445862
0.006 18.442502 17.0 24.0 0.71314804 4.0104706
0.007 18.215008 17.0 24.0 0.28451504 4.1774431
0.008 18.139993 15.0 24.0 0.39927101 4.5110104
0.009 18.007894 18.0 23.0 0.46976514 3.8458891
0.01 17.89678 16.0 24.0 0.79726527 3.8866927
0.02 17.077215 13.0 28.0 0.19689923 4.7154395
0.03 16.662073 13.0 26.0 0.10058614 4.5908431
0.04 16.296033 12.0 26.0 0.13741145 4.8303487
0.05 16.060317 11.0 25.0 0.28041291 5.6887832
0.06 15.787845 12.0 26.0 0.29150583 5.1298452
0.07 15.616164 13.0 26.0 0.40305784 4.6998216
0.08 15.470049 13.0 27.0 0.25007219 5.0431023
0.09 15.299298 12.0 24.0 0.25989137 4.7783523
0.1 15.170322 13.0 26.0 0.2155828 4.5410411
0.2 14.351909 9.0 27.0 0.10057357 6.307082
0.3 13.842288 9.0 29.0 0.048362823 6.0978835
0.4 13.475713 10.0 27.0 0.058838754 5.6658984
0.5 13.172352 9.0 26.0 0.12278589 6.1033482
0.6 12.928281 8.0 25.0 0.04863814 5.7120867
0.7 12.719265 10.0 24.0 0.08165383 5.5023022
0.8 12.533204 8.0 25.0 0.084010004 5.6912532
0.9 12.374414 7.0 26.0 0.1437469 5.6562702
1.0 12.228092 8.0 25.0 0.056336131 6.6714725
2.0 11.215854 7.0 26.0 0.05469231 6.6833043
3.0 10.590952 7.0 25.0 0.010955199 6.7741101
4.0 10.121407 6.0 25.0 0.04091506 7.1418305
5.0 9.7443863 4.0 24.0 0.034289074 7.1518375
6.0 9.4203878 6.0 26.0 0.057315055 7.2216554
7.0 9.1356166 4.0 26.0 0.026449452 7.2259011
8.0 8.8831718 4.0 24.0 0.041700757 7.0553491
9.0 8.6523513 5.0 23.0 0.018171655 7.0718092
10.0 8.4388489 4.0 24.0 0.042856426 6.9047115
11.0 8.2424694 3.0 23.0 0.03385327 7.1315161
12.0 8.0607489 4.0 23.0 0.020012074 7.9406502
13.0 7.8864896 4.0 23.0 0.019738034 7.4781332
14.0 7.7201751 2.0 22.0 0.076289156 8.4307027
15.0 7.561219 3.0 21.0 0.038664999 8.1795728
16.0 7.4125985 3.0 21.0 0.0097359032 8.4312469
17.0 7.2701085 3.0 22.0 0.047821788 8.4738021
18.0 7.1292249 4.0 21.0 0.029112992 8.0455313
19.0 6.9944694 3.0 23.0 0.032943197 8.5709805
20.0 6.8630926 3.0 20.0 0.02940074 7.8414357
21.0 6.7322359 2.0 20.0 0.019732448 7.885745
22.0 6.6066684 3.0 20.0 0.098280311 7.8944797
23.0 6.4830931 3.0 20.0 0.0016178094 7.9126183
24.0 6.3625423 3.0 22.0 0.069606006 7.7389362
25.0 6.2461591 2.0 20.0 0.10296663 8.0189285
26.0 6.1331427 3.0 19.0 0.078082317 8.2382022
27.0 6.022011 2.0 20.0 0.050159917 8.8143695
28.0 5.9107238 3.0 19.0 0.13805092 8.0978489
29.0 5.8008348 2.0 20.0 0.1044247 8.9586057
30.0 5.6934516 2.0 19.0 0.037370895 8.3393578
31.0 5.584831 2.0 20.0 0.098540429 7.9633457
32.0 5.4794478 2.0 19.0 0.08498003 8.3877643
33.0 5.3775425 2.0 18.0 0.032735048 8.6241892
34.0 5.2744298 2.0 18.0 0.053677615 9.0975083
35.0 5.1732577 2.0 17.0 0.10238561 8.7804106
36.0 5.0721148 2.0 18.0 0.12167341 8.9968657
37.0 4.9707981 2.0 18.0 0.10329081 9.1972862
38.0 4.8693949 2.0 18.0 0.053484371 8.6866741
39.0 4.7705727 2.0 17.0 0.099993396 9.6596065
40.0 4.6713175 2.0 19.0 0.071087289 9.2402665
41.0 4.5721955 2.0 18.0 0.16562787 8.9383132
42.0 4.4762822 2.0 17.0 0.14005379 9.0956792
43.0 4.378483 2.0 17.0 0.1225861 9.3779083
44.0 4.2825879 2.0 17.0 0.045641225 8.8886773
45.0 4.1849283 2.0 16.0 0.16045111 9.705358
46.0 4.0900638 2.0 17.0 0.082251159 9.0721334
47.0 3.9965885 2.0 17.0 0.1252239 9.7453978
48.0 3.9030882 2.0 16.0 0.1157314 9.6489214
49.0 3.80872 2.0 15.0 0.16582468 9.9762738
50.0 3.7161548 2.0 16.0 0.14589265 9.3994042
51.0 3.6231771 2.0 17.0 0.12814528 11.034464
52.0 3.5304658 2.0 14.0 0.29474864 9.6752732
53.0 3.4384363 2.0 14.0 0.24257504 9.6381504
54.0 3.3489915 2.0 15.0 0.16926811 10.033665
55.0 3.2589602 2.0 15.0 0.17418038 9.6614008
56.0 3.1705521 2.0 16.0 0.30483863 10.003102
57.0 3.0834524 2.0 13.0 0.041676532 10.4741
58.0 2.997037 2.0 13.0 0.29311621 9.7201296
59.0 2.90985 2.0 13.0 0.1771608 10.683749
60.0 2.8256348 2.0 12.0 0.12034747 10.999137
61.0 2.7417348 2.0 14.0 0.052864298 10.560415
62.0 2.6580884 2.0 12.0 0.1703105 10.430404
63.0 2.5769247 2.0 13.0 0.091988303 10.620748
64.0 2.496714 2.0 12.0 0.4598924 10.534531
65.0 2.4171487 2.0 12.0 0.47820121 10.075018
66.0 2.3394492 2.0 12.0 0.43221759 10.310009
67.0 2.2625703 2.0 11.0 0.38108254 10.358817
68.0 2.188155 2.0 12.0 0.31061862 10.432361
69.0 2.1156376 2.0 13.0 0.47357953 10.707099
70.0 2.0434356 2.0 11.0 0.42821895 10.476182
71.0 1.9734338 2.0 10.0 0.24248006 10.731806
72.0 1.9060163 2.0 11.0 0.83588323 10.561903
73.0 1.8396278 2.0 10.0 0.4178374 11.111338
74.0 1.7741003 2.0 10.0 0.65695228 10.51342
75.0 1.7108263 2.0 10.0 0.37144391 11.165307
76.0 1.6492967 2.0 9.0 0.94985673 10.853747
77.0 1.5877436 2.0 10.0 0.8103736 10.89244
78.0 1.5282321 2.0 9.0 1.6830609 10.621549
79.0 1.4689903 2.0 8.0 1.6438104 11.218837
80.0 1.4120374 2.0 8.0 1.6576475 10.700563
81.0 1.3561715 2.0 9.0 1.0475056 11.022051
82.0 1.3020121 2.0 8.0 1.5846078 10.811658
83.0 1.2478275 2.0 8.0 0.039460982 11.126253
84.0 1.1952068 2.0 7.0 2.2043423 10.943252
85.0 1.14229 2.0 8.0 2.5463136 11.368903
86.0 1.09157 2.0 8.0 1.1028879 11.274599
87.0 1.0408253 2.0 7.0 0.81981314 11.52091
88.0 0.99090401 2.0 7.0 2.6622818 11.57647
89.0 0.9405856 2.0 7.0 2.6955207 11.298314
90.0 0.88966535 2.0 7.0 3.0881473 11.378891
91.0 0.83899875 2.0 7.0 3.192061 11.10433
92.0 0.78751302 2.0 7.0 4.5982035 11.439617
93.0 0.73519538 2.0 6.0 2.8273841 11.303788
94.0 0.68028439 2.0 6.0 2.8519672 11.68555
95.0 0.62347408 2.0 6.0 1.7622412 11.178832
96.0 0.56439282 2.0 5.0 3.8796091 11.16308
97.0 0.5002256 2.0 6.0 3.8997534 11.240705
98.0 0.4234211 2.0 5.0 2.6587282 11.248657
99.0 0.3274476 2.0 5.0 4.1474971 10.992634
100.0 0.019697958 2.0 5.0 4.1112362 11.489657
