#centrality dS/dy Npart_min Npart_max b_min(fm) b_max(fm)
0.0 1000000.0 500.0 500.0 0.0 0.0
0.001 7.0600271 2.0 2.0 0.61305297 1.5918849
0.002 6.7578481 2.0 2.0 0.14251024 1.8020365
0.003 6.355447 2.0 2.0 0.35484978 1.6341662
0.004 6.0817464 2.0 2.0 0.29936948 1.8149257
0.005 6.0060319 2.0 2.0 0.25723234 1.3662003
0.006 5.9534364 2.0 2.0 0.184782 1.6925906
0.007 5.8367149 2.0 2.0 0.37112474 1.9552078
0.008 5.7635953 2.0 2.0 0.33685101 1.5919305
0.009 5.683196 2.0 2.0 0.44188221 1.6900996
0.01 5.6004596 2.0 2.0 0.73560012 1.8450548
0.02 5.0986625 2.0 2.0 0.10005032 2.2097719
0.03 4.8357477 2.0 2.0 0.046103828 2.0642043
0.04 4.6640427 2.0 2.0 0.097229398 2.3014826
0.05 4.522404 2.0 2.0 0.017562563 2.1522857
0.06 4.4320142 2.0 2.0 0.1191668 1.7873408
0.07 4.3369497 2.0 2.0 0.078707721 2.5637123
0.08 4.2557328 2.0 2.0 0.069276953 2.269661
0.09 4.1924056 2.0 2.0 0.051518876 2.124127
0.1 4.1225407 2.0 2.0 0.086686785 2.2585121
0.2 3.7281983 2.0 2.0 0.021049285 2.3334991
0.3 3.4862979 2.0 2.0 0.0045607014 2.3937901
0.4 3.3314287 2.0 2.0 0.014099469 2.8819055
0.5 3.2066903 2.0 2.0 0.070261437 2.4411085
0.6 3.1089561 2.0 2.0 0.010756913 3.0250407
0.7 3.024561 2.0 2.0 0.034724846 2.5126979
0.8 2.9554938 2.0 2.0 0.037687335 2.7628903
0.9 2.8952694 2.0 2.0 0.025662719 2.9612808
1.0 2.8410866 2.0 2.0 0.062534555 2.713908
2.0 2.4980163 2.0 2.0 0.014944024 2.9909271
3.0 2.3033094 2.0 2.0 0.0082350731 2.7757381
4.0 2.1663025 2.0 2.0 0.0044230004 2.7268641
5.0 2.0587725 2.0 2.0 0.021151838 2.8897809
6.0 1.9721713 2.0 2.0 0.011776056 2.7774771
7.0 1.8998428 2.0 2.0 0.015552569 2.9138908
8.0 1.8358554 2.0 2.0 0.028664188 3.0656729
9.0 1.7799599 2.0 2.0 0.011371098 2.7802862
10.0 1.7297431 2.0 2.0 0.0093383398 2.9459471
11.0 1.6848083 2.0 2.0 0.013665875 2.7622026
12.0 1.6427795 2.0 2.0 0.011143962 2.7663741
13.0 1.6041667 2.0 2.0 0.0042045391 3.0296553
14.0 1.5680217 2.0 2.0 0.02199575 2.751158
15.0 1.5344508 2.0 2.0 0.017526563 2.859853
16.0 1.5032833 2.0 2.0 0.0067469625 2.9851426
17.0 1.4736125 2.0 2.0 0.013592696 3.0614107
18.0 1.4459192 2.0 2.0 0.013246776 2.6776537
19.0 1.4187204 2.0 2.0 0.0092425495 2.8381648
20.0 1.3932529 2.0 2.0 0.0087778974 2.981161
21.0 1.3684596 2.0 2.0 0.0063262464 2.7397675
22.0 1.3447655 2.0 2.0 0.011045989 2.8009618
23.0 1.3220941 2.0 2.0 0.0140027 3.129726
24.0 1.3002716 2.0 2.0 0.0062394589 2.7027269
25.0 1.2796309 2.0 2.0 0.0081167849 2.9082845
26.0 1.2591733 2.0 2.0 0.01983994 3.1532912
27.0 1.2396281 2.0 2.0 0.012990787 2.9209073
28.0 1.2206232 2.0 2.0 0.0093525318 3.1632949
29.0 1.2020315 2.0 2.0 0.016195596 2.9301649
30.0 1.1839965 2.0 2.0 0.02516795 3.4372391
31.0 1.1664973 2.0 2.0 0.0082011093 2.7995992
32.0 1.1496132 2.0 2.0 0.0047155638 3.0457637
33.0 1.1328255 2.0 2.0 0.020355035 2.841298
34.0 1.1165094 2.0 2.0 0.022051145 2.7560305
35.0 1.1006496 2.0 2.0 0.014436922 3.0883853
36.0 1.0849191 2.0 2.0 0.015801415 2.6951303
37.0 1.0693946 2.0 2.0 0.015320731 2.8628088
38.0 1.0545381 2.0 2.0 0.01195337 2.6803203
39.0 1.0397935 2.0 2.0 0.010424082 2.9436812
40.0 1.0251719 2.0 2.0 0.025798444 2.9546943
41.0 1.010855 2.0 2.0 0.013289786 2.9695128
42.0 0.99693244 2.0 2.0 0.016608504 3.0517397
43.0 0.98316244 2.0 2.0 0.013360882 2.7490751
44.0 0.96954839 2.0 2.0 0.0026517458 2.7274819
45.0 0.95608064 2.0 2.0 0.018911389 3.560042
46.0 0.94277921 2.0 2.0 0.0048067572 2.8752478
47.0 0.92987909 2.0 2.0 0.011389778 2.7808271
48.0 0.91683432 2.0 2.0 0.01299636 3.0703772
49.0 0.90425494 2.0 2.0 0.020737813 3.2084336
50.0 0.89169781 2.0 2.0 0.0090481123 2.9280777
51.0 0.87907918 2.0 2.0 0.01026284 2.8928489
52.0 0.86689889 2.0 2.0 0.0079731426 2.9306727
53.0 0.85443531 2.0 2.0 0.014820454 3.0402008
54.0 0.84215193 2.0 2.0 0.010801336 2.8518126
55.0 0.83011999 2.0 2.0 0.0058840521 2.7936951
56.0 0.81819404 2.0 2.0 0.011724641 3.1295113
57.0 0.8063607 2.0 2.0 0.001920504 2.7453324
58.0 0.79473967 2.0 2.0 0.0088230817 3.3386702
59.0 0.78297322 2.0 2.0 0.017995134 2.9545641
60.0 0.77122754 2.0 2.0 0.002077489 2.8723279
61.0 0.75959128 2.0 2.0 0.0090829976 2.7469974
62.0 0.74782542 2.0 2.0 0.018840856 3.1077343
63.0 0.73627065 2.0 2.0 0.0040546617 3.2119996
64.0 0.7248066 2.0 2.0 0.012758852 3.2112626
65.0 0.71340862 2.0 2.0 0.0053029548 2.6976237
66.0 0.70178773 2.0 2.0 0.0074217572 3.1428486
67.0 0.69019058 2.0 2.0 0.012772574 2.977647
68.0 0.67868635 2.0 2.0 0.010810226 3.2061116
69.0 0.6672485 2.0 2.0 0.0095129568 2.9758437
70.0 0.65591644 2.0 2.0 0.02132064 2.8170577
71.0 0.64459054 2.0 2.0 0.0027383934 2.7192478
72.0 0.63307196 2.0 2.0 0.0045076436 2.9062354
73.0 0.62127505 2.0 2.0 0.0041428948 3.1610144
74.0 0.60968942 2.0 2.0 0.01398603 2.9486004
75.0 0.59794862 2.0 2.0 0.0062225259 3.0613458
76.0 0.58599535 2.0 2.0 0.030962082 2.834117
77.0 0.57386236 2.0 2.0 0.0091990422 2.9909335
78.0 0.56199686 2.0 2.0 0.010196727 2.7763622
79.0 0.54980768 2.0 2.0 0.013948463 3.16693
80.0 0.53743367 2.0 2.0 0.011413352 2.8345163
81.0 0.5249089 2.0 2.0 0.0052124141 2.6195748
82.0 0.5121835 2.0 2.0 0.0018830803 2.9184726
83.0 0.49950572 2.0 2.0 0.02135662 2.8291041
84.0 0.48622297 2.0 2.0 0.0023490738 2.9095874
85.0 0.47286779 2.0 2.0 0.012123937 3.0091382
86.0 0.45903452 2.0 2.0 0.004315161 3.040107
87.0 0.44490055 2.0 2.0 0.0045526278 3.5899505
88.0 0.43048055 2.0 2.0 0.017753939 2.9412478
89.0 0.41524973 2.0 2.0 0.012235982 2.9709714
90.0 0.39944459 2.0 2.0 0.0033992958 2.8829595
91.0 0.38315126 2.0 2.0 0.0064376433 3.2064241
92.0 0.36604086 2.0 2.0 0.0057810088 2.8325917
93.0 0.34784593 2.0 2.0 0.011261593 2.8044853
94.0 0.32846742 2.0 2.0 0.0074015145 2.9212068
95.0 0.30734008 2.0 2.0 0.010241775 2.6735038
96.0 0.28368758 2.0 2.0 0.0076925949 2.9323243
97.0 0.25657177 2.0 2.0 0.011825838 3.0440945
98.0 0.22330329 2.0 2.0 0.0059592326 3.3351794
99.0 0.17788719 2.0 2.0 0.013524014 2.8886588
100.0 0.010928379 2.0 2.0 0.018734527 2.9884153
