0.01   0   0.497203   0   0.517882   0   6.31445e-05   0   7.56629   0   0   0   0   0
0.01   1   0.000197775   2.83246e-06   6.70226e-05   -0.000159617   -0.000189076   0.000221364   0.00102186   0.000295619   0   0   0   0
0.01   2   0.00999152   -0.000531934   -0.0131312   0.00054908   0.00105375   0.0232363   -0.00201568   2.55713e-05   0   0   0   0
0.01   3   0.000201808   0.000519006   -0.000143398   -0.000391813   -0.000881184   0.000375388   1.77717e-05   1.87641e-05   0   0   0   0
0.02   0   0.490738   0   0.55912   0   0.000101649   0   7.32459   0   0   0   0   0
0.02   1   0.000464085   8.87918e-05   0.000808989   -2.87068e-05   -0.000326356   0.000106899   0.00269957   0.000592887   0   0   0   0
0.02   2   0.00909138   -0.000537913   -0.019778   0.000614998   0.00102148   0.0292985   -0.00792972   9.56248e-05   0   0   0   0
0.02   3   0.000233064   0.000905292   0.000127382   -0.000377402   -0.0011896   0.000238876   8.33217e-05   9.18046e-05   0   0   0   0
0.03   0   0.484274   0   0.600358   0   0.000140154   0   7.08289   0   0   0   0   0
0.03   1   0.000730395   0.000174751   0.00155096   0.000102203   -0.000463635   -7.56624e-06   0.00437728   0.000890156   0   0   0   0
0.03   2   0.00819124   -0.000543891   -0.0264248   0.000680916   0.0009892   0.0353608   -0.0138438   0.000165678   0   0   0   0
0.03   3   0.00026432   0.00129158   0.000398162   -0.000362991   -0.00149801   0.000102363   0.000148872   0.000164845   0   0   0   0
0.04   0   0.476306   0   0.64206   0   0.000169435   0   6.82402   0   0   0   0   0
0.04   1   0.000980507   0.000261277   0.00216181   0.000219905   -0.000575994   -0.000118442   0.00584482   0.00115513   0   0   0   0
0.04   2   0.00747078   -0.000543227   -0.0330992   0.000756952   0.000989857   0.0419695   -0.0196355   0.000242939   0   0   0   0
0.04   3   0.000275102   0.00162159   0.000611923   -0.00033686   -0.00170804   -1.84709e-05   0.000188906   0.000223432   0   0   0   0
0.05   0   0.460728   0   0.685993   0   0.000151749   0   6.47898   0   0   0   0   0
0.05   1   0.00114303   0.000348715   0.00209961   0.000267932   -0.000561379   -0.000206113   0.00622426   0.00125061   0   0   0   0
0.05   2   0.00769156   -0.000509507   -0.039807   0.000882247   0.00115606   0.0512396   -0.0247138   0.000354898   0   0   0   0
0.05   3   0.000183031   0.00166068   0.000535171   -0.000253478   -0.00142082   -5.73931e-05   9.98883e-05   0.000206897   0   0   0   0
0.06   0   0.442506   0   0.730448   0   0.000117101   0   6.10549   0   0   0   0   0
0.06   1   0.00126298   0.000432255   0.00178259   0.000285605   -0.00050074   -0.000274837   0.00617217   0.00127397   0   0   0   0
0.06   2   0.00830875   -0.000465502   -0.0462978   0.00102049   0.00137744   0.0612122   -0.0293401   0.000475096   0   0   0   0
0.06   3   5.68072e-05   0.00158527   0.000353104   -0.000154606   -0.000961957   -6.22742e-05   -3.38856e-05   0.00015996   0   0   0   0
0.07   0   0.422434   0   0.775042   0   7.0015e-05   0   5.71342   0   0   0   0   0
0.07   1   0.00134239   0.000509336   0.00126873   0.000276602   -0.000406214   -0.000320669   0.00577086   0.00123514   0   0   0   0
0.07   2   0.00926466   -0.000415364   -0.0524345   0.00116412   0.00163536   0.0714797   -0.0334696   0.000597678   0   0   0   0
0.07   3   -9.19063e-05   0.00141789   9.34848e-05   -4.87946e-05   -0.000383996   -3.84e-05   -0.000198896   8.79433e-05   0   0   0   0
0.08   0   0.401305   0   0.819396   0   1.50168e-05   0   5.31264   0   0   0   0   0
0.08   1   0.00138329   0.000577396   0.000616036   0.000244603   -0.000289937   -0.000339666   0.00510264   0.0011441   0   0   0   0
0.08   2   0.0105016   -0.000363244   -0.05808   0.00130554   0.00191117   0.0816344   -0.0370573   0.000716791   0   0   0   0
0.08   3   -0.000251448   0.00118106   -0.000215924   5.54049e-05   0.000260507   8.94376e-06   -0.000381624   -3.82748e-06   0   0   0   0
0.09   0   0.379914   0   0.863127   0   -4.33684e-05   0   4.913   0   0   0   0   0
0.09   1   0.00138773   0.000633875   -0.000117511   0.000193286   -0.000164047   -0.000327882   0.0042498   0.00101079   0   0   0   0
0.09   2   0.0119619   -0.000313295   -0.0630969   0.00143718   0.00218623   0.0912685   -0.0400583   0.00082658   0   0   0   0
0.09   3   -0.000410154   0.00089729   -0.000547358   0.000149442   0.000918998   7.44712e-05   -0.000568551   -0.000110028   0   0   0   0
0.1   0   0.363377   0   0.905513   0   -7.37034e-05   0   4.57986   0   0   0   0   0
0.1   1   0.00134138   0.000651155   -0.00056356   0.00013147   -0.000115404   -0.000222779   0.00369044   0.00087429   0   0   0   0
0.1   2   0.0134279   -0.000299312   -0.0660871   0.00149558   0.00232191   0.0971214   -0.0417958   0.000876961   0   0   0   0
0.1   3   -0.00048017   0.000694836   -0.000707815   0.000157777   0.00120415   0.000135468   -0.000662083   -0.000205994   0   0   0   0
0.11   0   0.35056   0   0.946325   0   -8.34666e-05   0   4.29832   0   0   0   0   0
0.11   1   0.00125358   0.000637852   -0.000802551   6.05412e-05   -0.000122815   -4.65476e-05   0.00333033   0.000731556   0   0   0   0
0.11   2   0.0149131   -0.000312226   -0.0674758   0.0014981   0.00235307   0.100058   -0.0425068   0.000881807   0   0   0   0
0.11   3   -0.000483816   0.000549059   -0.000743234   0.00010174   0.00121272   0.000194423   -0.0006862   -0.000295026   0   0   0   0
0.12   0   0.339173   0   0.985425   0   -8.73315e-05   0   4.03869   0   0   0   0   0
0.12   1   0.00113804   0.00060928   -0.000997907   -1.94903e-05   -0.000145112   0.000162953   0.00296941   0.000571769   0   0   0   0
0.12   2   0.0164743   -0.000335039   -0.0680257   0.00147702   0.00234668   0.101706   -0.0425971   0.00086682   0   0   0   0
0.12   3   -0.000463791   0.000407058   -0.000743736   2.05686e-05   0.001131   0.000258483   -0.000687364   -0.000385598   0   0   0   0
0.13   0   0.329149   0   1.0225   0   -8.61403e-05   0   3.79977   0   0   0   0   0
0.13   1   0.00100004   0.000567876   -0.00115354   -0.000105971   -0.000179528   0.000397981   0.00261107   0.000399074   0   0   0   0
0.13   2   0.0180855   -0.000365989   -0.0678511   0.00143591   0.00230801   0.102226   -0.0421481   0.000834966   0   0   0   0
0.13   3   -0.000423627   0.000270266   -0.000714513   -8.09259e-05   0.0009732   0.000325838   -0.000668822   -0.000476242   0   0   0   0
0.14   0   0.320417   0   1.05724   0   -8.0735e-05   0   3.58035   0   0   0   0   0
0.14   1   0.000844899   0.000516077   -0.00127336   -0.000196249   -0.000223298   0.000650792   0.00225866   0.000217617   0   0   0   0
0.14   2   0.0197212   -0.000403316   -0.0670664   0.00137833   0.00224237   0.10178   -0.0412407   0.000789215   0   0   0   0
0.14   3   -0.000366861   0.000140119   -0.00066076   -0.000197934   0.00075353   0.000394678   -0.000633825   -0.000565491   0   0   0   0
0.15   0   0.312911   0   1.08933   0   -7.19579e-05   0   3.37924   0   0   0   0   0
0.15   1   0.000677906   0.00045632   -0.00136127   -0.00028767   -0.000273655   0.000913645   0.00191556   3.15423e-05   0   0   0   0
0.15   2   0.0213555   -0.000445259   -0.0657859   0.00130786   0.00215502   0.100529   -0.0399563   0.000732532   0   0   0   0
0.15   3   -0.000297025   1.80527e-05   -0.00058767   -0.000325644   0.00048621   0.000463194   -0.00058562   -0.000651876   0   0   0   0
0.16   0   0.306561   0   1.11845   0   -6.0651e-05   0   3.19523   0   0   0   0   0
0.16   1   0.000504362   0.000391041   -0.00142119   -0.000377582   -0.000327835   0.0011788   0.00158512   -0.000155005   0   0   0   0
0.16   2   0.0229626   -0.000490057   -0.0641241   0.00122807   0.00205127   0.098634   -0.0383758   0.000667887   0   0   0   0
0.16   3   -0.000217656   -9.44993e-05   -0.000500436   -0.000459247   0.000185456   0.000529575   -0.000527459   -0.000733932   0   0   0   0
0.17   0   0.301301   0   1.1443   0   -4.76566e-05   0   3.02714   0   0   0   0   0
0.17   1   0.000329565   0.000322676   -0.00145703   -0.000463332   -0.000383071   0.0014385   0.00127072   -0.00033788   0   0   0   0
0.17   2   0.024517   -0.000535949   -0.0621953   0.00114252   0.0019364   0.0962569   -0.0365805   0.000598247   0   0   0   0
0.17   3   -0.000132288   -0.000196102   -0.000404252   -0.000593933   -0.000134515   0.000592012   -0.000462589   -0.000810191   0   0   0   0
0.18   0   0.297201   0   1.1617   0   -4.06671e-05   0   2.87062   0   0   0   0   0
0.18   1   0.000207478   0.000274198   -0.00149207   -0.00051385   -0.000410954   0.00160848   0.00101538   -0.000472573   0   0   0   0
0.18   2   0.025733   -0.000565418   -0.0610213   0.00108482   0.00185793   0.0947516   -0.0352585   0.000550964   0   0   0   0
0.18   3   -7.30602e-05   -0.000263805   -0.00034716   -0.000679215   -0.000338382   0.000627427   -0.000420144   -0.000861194   0   0   0   0
0.19   0   0.294177   0   1.17095   0   -3.96617e-05   0   2.72487   0   0   0   0   0
0.19   1   0.000137268   0.000245456   -0.00152778   -0.000530065   -0.000411949   0.00169063   0.000817463   -0.000560025   0   0   0   0
0.19   2   0.0266177   -0.000578689   -0.0606023   0.00105475   0.00181582   0.094129   -0.0344145   0.000525933   0   0   0   0
0.19   3   -3.99027e-05   -0.000298886   -0.000328954   -0.000716036   -0.000427184   0.00063669   -0.000400111   -0.000887741   0   0   0   0
0.2   0   0.292024   0   1.17639   0   -3.89265e-05   0   2.5917   0   0   0   0   0
0.2   1   7.76636e-05   0.000219234   -0.00154953   -0.000536518   -0.000407832   0.00175047   0.000642395   -0.00063472   0   0   0   0
0.2   2   0.0273939   -0.000589079   -0.060184   0.00102713   0.00177495   0.0934089   -0.0335487   0.000502786   0   0   0   0
0.2   3   -8.97562e-06   -0.000320498   -0.000313822   -0.000743301   -0.00050261   0.000638344   -0.000380969   -0.000905582   0   0   0   0
0.21   0   0.290658   0   1.17831   0   -3.844e-05   0   2.47031   0   0   0   0   0
0.21   1   2.78296e-05   0.00019538   -0.0015588   -0.000534137   -0.000399069   0.00178989   0.000488545   -0.000697603   0   0   0   0
0.21   2   0.0280685   -0.000596813   -0.0597666   0.00100176   0.00173526   0.0926023   -0.0326658   0.000481416   0   0   0   0
0.21   3   1.97921e-05   -0.000329919   -0.000301556   -0.000761958   -0.000565711   0.000633262   -0.000362705   -0.000915518   0   0   0   0
0.22   0   0.289991   0   1.17702   0   -3.81809e-05   0   2.35988   0   0   0   0   0
0.22   1   -1.30691e-05   0.000173743   -0.00155704   -0.000523851   -0.000386128   0.0018108   0.000354284   -0.000749617   0   0   0   0
0.22   2   0.0286486   -0.000602116   -0.0593499   0.000978396   0.00169674   0.09172   -0.0317704   0.000461718   0   0   0   0
0.22   3   4.64715e-05   -0.000328426   -0.000291948   -0.000772955   -0.000617538   0.000622313   -0.000345304   -0.000918349   0   0   0   0
0.23   0   0.289939   0   1.17282   0   -3.81276e-05   0   2.25962   0   0   0   0   0
0.23   1   -4.58676e-05   0.000154171   -0.00154573   -0.000506589   -0.000369474   0.00181511   0.000237981   -0.000791706   0   0   0   0
0.23   2   0.0291412   -0.000605214   -0.058934   0.000956838   0.00165933   0.090773   -0.0308672   0.000443585   0   0   0   0
0.23   3   7.11338e-05   -0.000317295   -0.000284791   -0.000777239   -0.00065914   0.00060637   -0.000328752   -0.000914876   0   0   0   0
0.24   0   0.290414   0   1.166   0   -3.82589e-05   0   2.16874   0   0   0   0   0
0.24   1   -7.14012e-05   0.000136511   -0.00152633   -0.000483281   -0.000349575   0.00180473   0.000138006   -0.000824813   0   0   0   0
0.24   2   0.0295532   -0.000606331   -0.0585188   0.000936862   0.001623   0.0897723   -0.0299607   0.000426911   0   0   0   0
0.24   3   9.385e-05   -0.000297804   -0.000279877   -0.000775759   -0.00069157   0.000586303   -0.000313038   -0.000905899   0   0   0   0
0.25   0   0.29133   0   1.15687   0   -3.85533e-05   0   2.08641   0   0   0   0   0
0.25   1   -9.05049e-05   0.000120612   -0.00150032   -0.000454855   -0.000326897   0.00178155   5.27281e-05   -0.000849882   0   0   0   0
0.25   2   0.0298916   -0.000605692   -0.0581043   0.00091825   0.00158771   0.0887288   -0.0290557   0.000411591   0   0   0   0
0.25   3   0.000114691   -0.00027123   -0.000276999   -0.000769462   -0.000715877   0.000562984   -0.000298145   -0.000892219   0   0   0   0
0.26   0   0.292603   0   1.14572   0   -3.89893e-05   0   2.01185   0   0   0   0   0
0.26   1   -0.000104014   0.000106321   -0.00146916   -0.00042224   -0.000301908   0.00174749   -1.94831e-05   -0.000867856   0   0   0   0
0.26   2   0.0301634   -0.000603523   -0.0576906   0.000900785   0.00155343   0.0876533   -0.0281568   0.000397517   0   0   0   0
0.26   3   0.000133729   -0.00023885   -0.000275948   -0.000759295   -0.000733112   0.000537283   -0.000284062   -0.000874636   0   0   0   0
0.27   0   0.294145   0   1.13286   0   -3.95456e-05   0   1.94425   0   0   0   0   0
0.27   1   -0.000112764   9.34883e-05   -0.00143433   -0.000386366   -0.000275073   0.00170444   -8.02577e-05   -0.000879678   0   0   0   0
0.27   2   0.0303756   -0.000600049   -0.0572775   0.000884248   0.00152011   0.0865569   -0.0272686   0.000384584   0   0   0   0
0.27   3   0.000151033   -0.000201942   -0.000276517   -0.000746207   -0.000744326   0.000510073   -0.000270775   -0.000853952   0   0   0   0
0.28   0   0.29587   0   1.11858   0   -4.02007e-05   0   1.88281   0   0   0   0   0
0.28   1   -0.000117589   8.19604e-05   -0.00139729   -0.00034816   -0.000246861   0.00165433   -0.000131226   -0.000886293   0   0   0   0
0.28   2   0.0305353   -0.000595495   -0.0568651   0.000868421   0.00148772   0.0854506   -0.0263957   0.000372685   0   0   0   0
0.28   3   0.000166676   -0.000161781   -0.000278499   -0.000731146   -0.00075057   0.000482223   -0.000258269   -0.000830966   0   0   0   0
0.29   0   0.29612   0   1.10763   0   -4.05674e-05   0   1.81531   0   0   0   0   0
0.29   1   -0.000132969   6.97068e-05   -0.00138867   -0.000326183   -0.000225764   0.00163115   -0.000199054   -0.000903186   0   0   0   0
0.29   2   0.0307456   -0.000593727   -0.0564488   0.000848749   0.00145608   0.0845599   -0.0256444   0.000360364   0   0   0   0
0.29   3   0.000180276   -0.000143149   -0.000278971   -0.000733546   -0.000769672   0.0004727   -0.000247034   -0.000820887   0   0   0   0
0.3   0   0.295953   0   1.09708   0   -4.08904e-05   0   1.74925   0   0   0   0   0
0.3   1   -0.000149817   5.7942e-05   -0.00138874   -0.000308543   -0.000206412   0.00161347   -0.000267167   -0.000920725   0   0   0   0
0.3   2   0.0309437   -0.000592321   -0.0560319   0.000828167   0.00142525   0.0837396   -0.0249454   0.000348498   0   0   0   0
0.3   3   0.000192233   -0.000130231   -0.0002797   -0.00074091   -0.000790483   0.000469218   -0.000236691   -0.000814038   0   0   0   0
0.31   0   0.295781   0   1.08582   0   -4.12644e-05   0   1.68745   0   0   0   0   0
0.31   1   -0.000164635   4.71109e-05   -0.00138969   -0.000290568   -0.000186723   0.00159299   -0.000329242   -0.000935235   0   0   0   0
0.31   2   0.0311058   -0.000590348   -0.0556158   0.000807836   0.00139524   0.0829325   -0.0242712   0.000337408   0   0   0   0
0.31   3   0.000202762   -0.00011684   -0.000281339   -0.000748317   -0.000808723   0.000466899   -0.000227067   -0.000806643   0   0   0   0
0.32   0   0.2956   0   1.0739   0   -4.16869e-05   0   1.62971   0   0   0   0   0
0.32   1   -0.00017755   3.7159e-05   -0.00139149   -0.000272275   -0.000166746   0.00156996   -0.000385613   -0.000946906   0   0   0   0
0.32   2   0.0312339   -0.000587843   -0.0552007   0.000787762   0.00136603   0.0821384   -0.023621   0.000327059   0   0   0   0
0.32   3   0.000211958   -0.000103032   -0.000283823   -0.000755754   -0.000824575   0.000465676   -0.000218121   -0.000798757   0   0   0   0
0.33   0   0.295407   0   1.0614   0   -4.21555e-05   0   1.5758   0   0   0   0   0
0.33   1   -0.000188691   2.8032e-05   -0.0013941   -0.000253677   -0.000146532   0.00154461   -0.000436612   -0.000955926   0   0   0   0
0.33   2   0.0313301   -0.000584843   -0.0547869   0.000767953   0.00133758   0.081357   -0.0229943   0.000317414   0   0   0   0
0.33   3   0.000219914   -8.88679e-05   -0.000287083   -0.000763211   -0.000838217   0.000465482   -0.000209814   -0.000790432   0   0   0   0
0.34   0   0.295195   0   1.04839   0   -4.26678e-05   0   1.52552   0   0   0   0   0
0.34   1   -0.000198184   1.96753e-05   -0.00139746   -0.000234789   -0.000126132   0.00151719   -0.000482571   -0.000962486   0   0   0   0
0.34   2   0.0313963   -0.000581385   -0.0543746   0.000748414   0.00130985   0.0805882   -0.0223904   0.000308437   0   0   0   0
0.34   3   0.000226726   -7.44045e-05   -0.000291052   -0.000770677   -0.000849832   0.00046625   -0.000202107   -0.000781721   0   0   0   0
0.35   0   0.294962   0   1.03493   0   -4.32214e-05   0   1.47867   0   0   0   0   0
0.35   1   -0.000206157   1.20344e-05   -0.00140153   -0.000215626   -0.000105596   0.00148794   -0.000523822   -0.000966774   0   0   0   0
0.35   2   0.0314346   -0.000577504   -0.0539639   0.000729154   0.00128283   0.0798318   -0.0218088   0.000300092   0   0   0   0
0.35   3   0.000232488   -5.97005e-05   -0.000295665   -0.000778141   -0.000859599   0.000467912   -0.00019496   -0.000772678   0   0   0   0
0.36   0   0.294702   0   1.0211   0   -4.38137e-05   0   1.43502   0   0   0   0   0
0.36   1   -0.000212738   5.05501e-06   -0.00140628   -0.000196202   -8.49754e-05   0.00145709   -0.000560697   -0.00096898   0   0   0   0
0.36   2   0.0314469   -0.000573237   -0.0535551   0.000710178   0.00125648   0.0790875   -0.0212487   0.000292343   0   0   0   0
0.36   3   0.000237295   -4.48143e-05   -0.000300853   -0.000785594   -0.0008677   0.000470403   -0.000188332   -0.000763357   0   0   0   0
0.37   0   0.294411   0   1.00696   0   -4.44423e-05   0   1.39436   0   0   0   0   0
0.37   1   -0.000218055   -1.31745e-06   -0.00141165   -0.000176534   -6.43194e-05   0.00142488   -0.00059353   -0.000969293   0   0   0   0
0.37   2   0.0314352   -0.00056862   -0.0531484   0.000691494   0.00123077   0.0783552   -0.0207095   0.000285154   0   0   0   0
0.37   3   0.000241241   -2.98042e-05   -0.00030655   -0.000793023   -0.000874314   0.000473654   -0.000182186   -0.000753811   0   0   0   0
0.38   0   0.294084   0   0.992586   0   -4.51049e-05   0   1.3565   0   0   0   0   0
0.38   1   -0.000222236   -7.1374e-06   -0.0014176   -0.000156634   -4.36791e-05   0.00139157   -0.000622651   -0.000967903   0   0   0   0
0.38   2   0.0314016   -0.00056369   -0.0527441   0.000673108   0.00120566   0.0776346   -0.0201907   0.000278489   0   0   0   0
0.38   3   0.00024442   -1.47285e-05   -0.000312688   -0.000800419   -0.000879624   0.000477598   -0.000176479   -0.000744094   0   0   0   0
0.39   0   0.293717   0   0.978037   0   -4.57988e-05   0   1.32121   0   0   0   0   0
0.39   1   -0.000225408   -1.24593e-05   -0.00142409   -0.000136519   -2.3105e-05   0.00135739   -0.000648393   -0.000964999   0   0   0   0
0.39   2   0.031348   -0.000558484   -0.0523423   0.000655028   0.00118114   0.0769255   -0.0196915   0.000272311   0   0   0   0
0.39   3   0.000246928   3.54354e-07   -0.000319202   -0.00080777   -0.000883809   0.000482168   -0.000171174   -0.000734258   0   0   0   0
0.4   0   0.293305   0   0.963386   0   -4.65218e-05   0   1.28829   0   0   0   0   0
0.4   1   -0.000227698   -1.73376e-05   -0.00143108   -0.000116202   -2.64746e-06   0.00132257   -0.000671089   -0.000960771   0   0   0   0
0.4   2   0.0312763   -0.000553036   -0.0519432   0.000637259   0.00115717   0.0762278   -0.0192114   0.000266585   0   0   0   0
0.4   3   0.000248859   1.53861e-05   -0.000326023   -0.000815066   -0.00088705   0.000487297   -0.000166231   -0.000724357   0   0   0   0
0.41   0   0.292845   0   0.948701   0   -4.72714e-05   0   1.25752   0   0   0   0   0
0.41   1   -0.000229235   -2.18268e-05   -0.00143852   -9.56995e-05   1.76429e-05   0.00128737   -0.000691071   -0.000955408   0   0   0   0
0.41   2   0.0311887   -0.000547385   -0.0515472   0.00061981   0.00113372   0.0755413   -0.0187498   0.000261274   0   0   0   0
0.41   3   0.000250307   3.03084e-05   -0.000333085   -0.000822295   -0.000889528   0.000492918   -0.000161609   -0.000714445   0   0   0   0
0.42   0   0.292261   0   0.934714   0   -4.80494e-05   0   1.22718   0   0   0   0   0
0.42   1   -0.000231229   -2.64603e-05   -0.00144617   -7.50756e-05   3.72098e-05   0.00125431   -0.000711222   -0.000950644   0   0   0   0
0.42   2   0.0311018   -0.000541853   -0.0511567   0.000602808   0.00111053   0.074866   -0.0183049   0.000256108   0   0   0   0
0.42   3   0.0002522   4.44234e-05   -0.00033976   -0.000829405   -0.000893128   0.000498491   -0.000156948   -0.000705118   0   0   0   0
0.43   0   0.291424   0   0.922674   0   -4.88613e-05   0   1.19439   0   0   0   0   0
0.43   1   -0.000235738   -3.21454e-05   -0.00145364   -5.44356e-05   5.51024e-05   0.00122772   -0.000736414   -0.000949418   0   0   0   0
0.43   2   0.0310437   -0.00053699   -0.0507763   0.000586474   0.0010872   0.0742022   -0.0178743   0.000250635   0   0   0   0
0.43   3   0.000256116   5.65346e-05   -0.000344985   -0.000836306   -0.000901068   0.000503106   -0.000151639   -0.000697397   0   0   0   0
0.44   0   0.290527   0   0.910787   0   -4.96922e-05   0   1.16316   0   0   0   0   0
0.44   1   -0.000239846   -3.75911e-05   -0.00146144   -3.36521e-05   7.26909e-05   0.00120139   -0.000759816   -0.000947581   0   0   0   0
0.44   2   0.0309751   -0.000532024   -0.0503995   0.000570477   0.0010643   0.0735489   -0.0174604   0.000245476   0   0   0   0
0.44   3   0.000259809   6.83796e-05   -0.000350265   -0.000843109   -0.000908737   0.000508026   -0.000146541   -0.000689809   0   0   0   0
0.45   0   0.289572   0   0.899053   0   -5.05394e-05   0   1.13344   0   0   0   0   0
0.45   1   -0.00024357   -4.28034e-05   -0.00146953   -1.27348e-05   8.99756e-05   0.00117534   -0.000781502   -0.000945168   0   0   0   0
0.45   2   0.0308966   -0.000526962   -0.0500262   0.00055481   0.00104182   0.0729059   -0.0170624   0.000240618   0   0   0   0
0.45   3   0.000263289   7.99646e-05   -0.000355591   -0.00084981   -0.000916146   0.00051323   -0.000141648   -0.000682353   0   0   0   0
0.46   0   0.288561   0   0.887476   0   -5.13999e-05   0   1.10517   0   0   0   0   0
0.46   1   -0.00024693   -4.77886e-05   -0.00147791   8.30678e-06   0.000106957   0.00114958   -0.000801549   -0.00094221   0   0   0   0
0.46   2   0.0308088   -0.000521811   -0.0496564   0.000539469   0.00101977   0.072273   -0.01668   0.000236048   0   0   0   0
0.46   3   0.000266568   9.12956e-05   -0.000360952   -0.0008564   -0.000923302   0.000518699   -0.000136953   -0.000675028   0   0   0   0
0.47   0   0.287497   0   0.876056   0   -5.22708e-05   0   1.07828   0   0   0   0   0
0.47   1   -0.000249944   -5.25528e-05   -0.00148653   2.94628e-05   0.000123636   0.00112411   -0.000820031   -0.000938743   0   0   0   0
0.47   2   0.030712   -0.000516579   -0.0492901   0.000524448   0.000998124   0.07165   -0.0163126   0.000231754   0   0   0   0
0.47   3   0.000269656   0.000102379   -0.000366337   -0.000862874   -0.000930216   0.000524413   -0.000132446   -0.000667833   0   0   0   0
0.48   0   0.286383   0   0.864796   0   -5.31493e-05   0   1.05273   0   0   0   0   0
0.48   1   -0.00025263   -5.71024e-05   -0.00149539   5.07237e-05   0.000140013   0.00109895   -0.000837023   -0.000934799   0   0   0   0
0.48   2   0.0306069   -0.000511273   -0.0489273   0.000509742   0.00097688   0.0710365   -0.0159597   0.000227723   0   0   0   0
0.48   3   0.000272563   0.00011322   -0.000371735   -0.000869226   -0.000936895   0.000530353   -0.000128123   -0.000660765   0   0   0   0
0.49   0   0.285221   0   0.853696   0   -5.40325e-05   0   1.02845   0   0   0   0   0
0.49   1   -0.000255007   -6.14434e-05   -0.00150444   7.20797e-05   0.000156087   0.0010741   -0.000852601   -0.000930414   0   0   0   0
0.49   2   0.030494   -0.000505901   -0.0485679   0.000495346   0.000956029   0.0704325   -0.0156207   0.000223943   0   0   0   0
0.49   3   0.000275301   0.000123825   -0.000377136   -0.000875449   -0.000943348   0.000536499   -0.000123974   -0.000653825   0   0   0   0
0.5   0   0.284014   0   0.842759   0   -5.49174e-05   0   1.00538   0   0   0   0   0
0.5   1   -0.000257093   -6.55821e-05   -0.00151368   9.35213e-05   0.000171861   0.00104957   -0.00086684   -0.00092562   0   0   0   0
0.5   2   0.0303737   -0.000500469   -0.0482118   0.000481254   0.000935564   0.0698376   -0.0152952   0.000220401   0   0   0   0
0.5   3   0.00027788   0.000134201   -0.00038253   -0.000881536   -0.000949586   0.000542831   -0.000119992   -0.00064701   0   0   0   0
0.51   0   0.282764   0   0.831986   0   -5.58013e-05   0   0.983471   0   0   0   0   0
0.51   1   -0.000258907   -6.95247e-05   -0.00152307   0.000115039   0.000187333   0.00102538   -0.000879815   -0.000920452   0   0   0   0
0.51   2   0.0302466   -0.000494986   -0.0478592   0.000467461   0.000915475   0.0692516   -0.0149825   0.000217085   0   0   0   0
0.51   3   0.00028031   0.000144353   -0.000387906   -0.000887482   -0.000955615   0.000549331   -0.000116171   -0.000640319   0   0   0   0
0.52   0   0.281474   0   0.821379   0   -5.66812e-05   0   0.962654   0   0   0   0   0
0.52   1   -0.000260467   -7.32774e-05   -0.00153259   0.000136622   0.000202505   0.00100153   -0.000891602   -0.000914943   0   0   0   0
0.52   2   0.0301132   -0.000489458   -0.0475099   0.000453961   0.000895756   0.0686743   -0.0146822   0.000213982   0   0   0   0
0.52   3   0.000282603   0.000154288   -0.000393252   -0.00089328   -0.000961447   0.000555979   -0.000112503   -0.000633751   0   0   0   0
0.53   0   0.280146   0   0.810939   0   -5.75543e-05   0   0.942873   0   0   0   0   0
0.53   1   -0.000261792   -7.68463e-05   -0.00154222   0.000158262   0.000217377   0.00097803   -0.000902276   -0.000909126   0   0   0   0
0.53   2   0.029974   -0.000483893   -0.047164   0.00044075   0.000876396   0.0681055   -0.0143938   0.000211078   0   0   0   0
0.53   3   0.000284768   0.000164011   -0.00039856   -0.000898923   -0.000967088   0.000562754   -0.00010898   -0.000627304   0   0   0   0
0.54   0   0.278783   0   0.800669   0   -5.84176e-05   0   0.924071   0   0   0   0   0
0.54   1   -0.000262901   -8.02377e-05   -0.00155193   0.000179949   0.000231949   0.000954893   -0.000911913   -0.000903037   0   0   0   0
0.54   2   0.0298295   -0.000478298   -0.0468213   0.000427822   0.000857389   0.0675449   -0.0141167   0.000208363   0   0   0   0
0.54   3   0.000286817   0.000173528   -0.000403818   -0.000904405   -0.000972549   0.000569638   -0.000105595   -0.000620978   0   0   0   0
0.55   0   0.277387   0   0.790569   0   -5.92683e-05   0   0.906188   0   0   0   0   0
0.55   1   -0.000263811   -8.34578e-05   -0.00156169   0.000201673   0.000246222   0.000932127   -0.000920586   -0.000896708   0   0   0   0
0.55   2   0.0296803   -0.000472681   -0.046482   0.000415172   0.000838726   0.0669923   -0.0138503   0.000205823   0   0   0   0
0.55   3   0.000288759   0.000182847   -0.000409016   -0.000909721   -0.000977838   0.000576611   -0.000102341   -0.000614771   0   0   0   0
0.56   0   0.275962   0   0.780641   0   -6.01034e-05   0   0.889166   0   0   0   0   0
0.56   1   -0.000264542   -8.65127e-05   -0.00157149   0.000223424   0.000260197   0.000909742   -0.000928373   -0.000890173   0   0   0   0
0.56   2   0.0295269   -0.000467049   -0.0461459   0.000402794   0.000820399   0.0664475   -0.0135943   0.000203445   0   0   0   0
0.56   3   0.000290607   0.000191972   -0.000414142   -0.000914863   -0.000982964   0.000583654   -9.92105e-05   -0.000608682   0   0   0   0
0.57   0   0.274509   0   0.770888   0   -6.09202e-05   0   0.872945   0   0   0   0   0
0.57   1   -0.000265112   -8.94087e-05   -0.0015813   0.000245193   0.000273873   0.000887747   -0.000935348   -0.000883467   0   0   0   0
0.57   2   0.0293697   -0.000461409   -0.045813   0.000390683   0.000802399   0.0659102   -0.0133479   0.000201217   0   0   0   0
0.57   3   0.00029237   0.00020091   -0.000419187   -0.000919824   -0.000987936   0.000590746   -9.61957e-05   -0.000602709   0   0   0   0
0.58   0   0.273031   0   0.76131   0   -6.17157e-05   0   0.857467   0   0   0   0   0
0.58   1   -0.000265539   -9.2152e-05   -0.0015911   0.000266971   0.000287252   0.000866152   -0.000941586   -0.000876622   0   0   0   0
0.58   2   0.0292094   -0.000455769   -0.0454833   0.000378834   0.000784719   0.0653802   -0.0131108   0.000199127   0   0   0   0
0.58   3   0.000294058   0.000209666   -0.000424141   -0.0009246   -0.000992763   0.000597869   -9.32893e-05   -0.000596851   0   0   0   0
0.59   0   0.271589   0   0.752125   0   -6.23214e-05   0   0.840908   0   0   0   0   0
0.59   1   -0.000266516   -9.48777e-05   -0.00160002   0.000288654   0.000300168   0.000845714   -0.000949601   -0.000870929   0   0   0   0
0.59   2   0.029063   -0.000450376   -0.0451566   0.000367214   0.000767152   0.0648512   -0.0128693   0.000196778   0   0   0   0
0.59   3   0.000296086   0.000218397   -0.000428524   -0.000928766   -0.000997833   0.000604369   -9.02709e-05   -0.000591154   0   0   0   0
0.6   0   0.270144   0   0.743173   0   -6.2858e-05   0   0.824527   0   0   0   0   0
0.6   1   -0.000267559   -9.74956e-05   -0.00160868   0.000310304   0.000312745   0.000825884   -0.000957647   -0.000865483   0   0   0   0
0.6   2   0.0289187   -0.000445058   -0.0448331   0.000355837   0.000749837   0.0643275   -0.0126326   0.000194443   0   0   0   0
0.6   3   0.000298164   0.000226996   -0.000432676   -0.000932628   -0.00100287   0.0006107   -8.72923e-05   -0.00058558   0   0   0   0
0.61   0   0.268679   0   0.734398   0   -6.33676e-05   0   0.808743   0   0   0   0   0
0.61   1   -0.000268503   -9.99773e-05   -0.00161726   0.000331934   0.000325029   0.00080647   -0.00096514   -0.000859979   0   0   0   0
0.61   2   0.0287724   -0.000439758   -0.0445127   0.000344707   0.000732821   0.0638105   -0.0124038   0.000192214   0   0   0   0
0.61   3   0.000300192   0.00023543   -0.000436713   -0.000936291   -0.00100779   0.000617013   -8.44037e-05   -0.000580117   0   0   0   0
0.62   0   0.267198   0   0.725796   0   -6.3851e-05   0   0.793538   0   0   0   0   0
0.62   1   -0.000269351   -0.000102326   -0.00162576   0.000353537   0.000337024   0.000787463   -0.0009721   -0.000854422   0   0   0   0
0.62   2   0.0286243   -0.000434477   -0.0441954   0.000333819   0.000716099   0.0633001   -0.0121826   0.000190088   0   0   0   0
0.62   3   0.000302172   0.000243701   -0.000440634   -0.00093976   -0.00101258   0.000623304   -8.16026e-05   -0.000574762   0   0   0   0
0.63   0   0.265701   0   0.717365   0   -6.43092e-05   0   0.778894   0   0   0   0   0
0.63   1   -0.000270107   -0.000104544   -0.00163418   0.000375105   0.000348733   0.000768857   -0.000978546   -0.000848816   0   0   0   0
0.63   2   0.0284746   -0.000429218   -0.0438812   0.000323167   0.000699668   0.0627963   -0.0119689   0.000188061   0   0   0   0
0.63   3   0.000304107   0.000251813   -0.000444439   -0.000943036   -0.00101724   0.000629568   -7.88866e-05   -0.000569513   0   0   0   0
0.64   0   0.264189   0   0.709101   0   -6.4743e-05   0   0.764792   0   0   0   0   0
0.64   1   -0.000270773   -0.000106636   -0.0016425   0.000396632   0.000360162   0.000750644   -0.000984498   -0.000843167   0   0   0   0
0.64   2   0.0283233   -0.000423982   -0.0435701   0.000312748   0.000683524   0.0622989   -0.0117623   0.000186129   0   0   0   0
0.64   3   0.000305996   0.000259766   -0.000448129   -0.000946124   -0.00102178   0.0006358   -7.62532e-05   -0.000564367   0   0   0   0
0.65   0   0.262663   0   0.701001   0   -6.51534e-05   0   0.751214   0   0   0   0   0
0.65   1   -0.000271352   -0.000108605   -0.00165074   0.000418109   0.000371314   0.000732815   -0.000989974   -0.000837479   0   0   0   0
0.65   2   0.0281706   -0.000418771   -0.043262   0.000302556   0.000667663   0.061808   -0.0115627   0.000184288   0   0   0   0
0.65   3   0.000307842   0.000267565   -0.000451705   -0.000949026   -0.0010262   0.000641994   -7.37e-05   -0.000559321   0   0   0   0
0.66   0   0.261125   0   0.693062   0   -6.55414e-05   0   0.738143   0   0   0   0   0
0.66   1   -0.000271847   -0.000110453   -0.00165887   0.000439529   0.000382194   0.000715363   -0.000994993   -0.000831758   0   0   0   0
0.66   2   0.0280166   -0.000413587   -0.0429569   0.000292587   0.000652082   0.0613233   -0.0113699   0.000182535   0   0   0   0
0.66   3   0.000309645   0.000275211   -0.000455165   -0.000951747   -0.00103049   0.000648147   -7.12244e-05   -0.000554375   0   0   0   0
0.67   0   0.259576   0   0.685279   0   -6.59079e-05   0   0.72556   0   0   0   0   0
0.67   1   -0.000272262   -0.000112185   -0.0016669   0.000460884   0.000392806   0.000698281   -0.000999575   -0.000826007   0   0   0   0
0.67   2   0.0278614   -0.000408432   -0.0426548   0.000282837   0.000636777   0.0608448   -0.0111835   0.000180865   0   0   0   0
0.67   3   0.000311408   0.000282708   -0.000458511   -0.000954288   -0.00103466   0.000654252   -6.8824e-05   -0.000549525   0   0   0   0
0.68   0   0.258016   0   0.677651   0   -6.62537e-05   0   0.713447   0   0   0   0   0
0.68   1   -0.000272598   -0.000113802   -0.00167481   0.000482167   0.000403155   0.00068156   -0.00100374   -0.000820233   0   0   0   0
0.68   2   0.0277053   -0.000403307   -0.0423557   0.0002733   0.000621744   0.0603725   -0.0110035   0.000179276   0   0   0   0
0.68   3   0.000313131   0.000290058   -0.000461742   -0.000956654   -0.00103871   0.000660306   -6.64963e-05   -0.000544768   0   0   0   0
0.69   0   0.256448   0   0.670173   0   -6.65799e-05   0   0.701786   0   0   0   0   0
0.69   1   -0.000272859   -0.000115309   -0.00168262   0.000503371   0.000413244   0.000665194   -0.0010075   -0.00081444   0   0   0   0
0.69   2   0.0275482   -0.000398215   -0.0420595   0.000263972   0.00060698   0.0599061   -0.0108296   0.000177763   0   0   0   0
0.69   3   0.000314816   0.000297264   -0.000464859   -0.000958847   -0.00104263   0.000666303   -6.42388e-05   -0.000540103   0   0   0   0
0.7   0   0.254872   0   0.662843   0   -6.68873e-05   0   0.690559   0   0   0   0   0
0.7   1   -0.000273049   -0.000116709   -0.0016903   0.000524487   0.000423078   0.000649174   -0.00101089   -0.000808632   0   0   0   0
0.7   2   0.0273904   -0.000393157   -0.0417663   0.000254849   0.00059248   0.0594457   -0.0106615   0.000176323   0   0   0   0
0.7   3   0.000316464   0.000304329   -0.000467862   -0.00096087   -0.00104643   0.000672238   -6.20491e-05   -0.000535528   0   0   0   0
0.71   0   0.25329   0   0.655656   0   -6.71769e-05   0   0.679748   0   0   0   0   0
0.71   1   -0.000273169   -0.000118005   -0.00169785   0.000545508   0.000432661   0.000633492   -0.00101391   -0.000802815   0   0   0   0
0.71   2   0.027232   -0.000388136   -0.041476   0.000245925   0.000578243   0.0589912   -0.010499   0.000174951   0   0   0   0
0.71   3   0.000318076   0.000311254   -0.000470751   -0.000962728   -0.00105011   0.000678107   -5.99247e-05   -0.000531039   0   0   0   0
0.72   0   0.251702   0   0.648611   0   -6.74497e-05   0   0.669334   0   0   0   0   0
0.72   1   -0.000273223   -0.0001192   -0.00170527   0.000566426   0.000441997   0.000618142   -0.0010166   -0.000796993   0   0   0   0
0.72   2   0.0270731   -0.000383152   -0.0411885   0.000237196   0.000564262   0.0585424   -0.0103419   0.000173645   0   0   0   0
0.72   3   0.000319655   0.000318043   -0.000473526   -0.000964423   -0.00105366   0.000683903   -5.78631e-05   -0.000526634   0   0   0   0
0.73   0   0.25011   0   0.641702   0   -6.77065e-05   0   0.6593   0   0   0   0   0
0.73   1   -0.000273215   -0.000120297   -0.00171256   0.000587235   0.000451092   0.000603115   -0.00101896   -0.000791172   0   0   0   0
0.73   2   0.0269139   -0.000378208   -0.0409039   0.000228657   0.000550536   0.0580993   -0.01019   0.0001724   0   0   0   0
0.73   3   0.000321201   0.000324698   -0.000476188   -0.000965958   -0.00105709   0.000689623   -5.58619e-05   -0.000522312   0   0   0   0
0.74   0   0.248515   0   0.634928   0   -6.79483e-05   0   0.649628   0   0   0   0   0
0.74   1   -0.000273146   -0.0001213   -0.00171971   0.000607926   0.000459948   0.000588403   -0.00102101   -0.000785356   0   0   0   0
0.74   2   0.0267544   -0.000373306   -0.0406222   0.000220304   0.00053706   0.0576618   -0.0100431   0.000171213   0   0   0   0
0.74   3   0.000322715   0.000331223   -0.000478736   -0.000967337   -0.0010604   0.000695262   -5.39186e-05   -0.000518069   0   0   0   0
0.75   0   0.246918   0   0.628285   0   -6.8176e-05   0   0.640299   0   0   0   0   0
0.75   1   -0.000273019   -0.000122212   -0.0017267   0.000628492   0.00046857   0.000573999   -0.00102278   -0.00077955   0   0   0   0
0.75   2   0.0265948   -0.000368447   -0.0403432   0.000212131   0.000523831   0.0572298   -0.00990091   0.000170079   0   0   0   0
0.75   3   0.000324199   0.000337619   -0.000481171   -0.000968563   -0.00106359   0.000700814   -5.20306e-05   -0.000513903   0   0   0   0
0.76   0   0.245321   0   0.621769   0   -6.83905e-05   0   0.631296   0   0   0   0   0
0.76   1   -0.000272839   -0.000123036   -0.00173355   0.000648925   0.000476963   0.000559896   -0.00102429   -0.000773759   0   0   0   0
0.76   2   0.0264352   -0.000363634   -0.0400671   0.000204135   0.000510845   0.0568032   -0.00976323   0.000168996   0   0   0   0
0.76   3   0.000325655   0.000343889   -0.000483494   -0.000969639   -0.00106666   0.000706275   -5.01956e-05   -0.000509812   0   0   0   0
0.77   0   0.243724   0   0.615377   0   -6.85928e-05   0   0.6226   0   0   0   0   0
0.77   1   -0.000272607   -0.000123776   -0.00174024   0.000669218   0.000485131   0.000546085   -0.00102555   -0.000767988   0   0   0   0
0.77   2   0.0262758   -0.000358868   -0.0397937   0.000196311   0.000498098   0.0563819   -0.00962983   0.00016796   0   0   0   0
0.77   3   0.000327083   0.000350036   -0.000485703   -0.000970568   -0.0010696   0.00071164   -4.84111e-05   -0.000505794   0   0   0   0
0.78   0   0.242139   0   0.609092   0   -6.8792e-05   0   0.614053   0   0   0   0   0
0.78   1   -0.00027235   -0.000124448   -0.00174669   0.000689302   0.000493089   0.000532527   -0.00102675   -0.000762295   0   0   0   0
0.78   2   0.026118   -0.000354174   -0.0395231   0.000188632   0.000485581   0.0559655   -0.00949888   0.000166934   0   0   0   0
0.78   3   0.000328501   0.000356079   -0.000487777   -0.000971347   -0.0010724   0.000716842   -4.66556e-05   -0.000501833   0   0   0   0
0.79   0   0.240616   0   0.602842   0   -6.90268e-05   0   0.604997   0   0   0   0   0
0.79   1   -0.000272176   -0.000125121   -0.00175254   0.000708889   0.000500893   0.000519068   -0.00102864   -0.000756931   0   0   0   0
0.79   2   0.0259677   -0.000349662   -0.0392553   0.000180997   0.000473261   0.0555522   -0.00936278   0.00016577   0   0   0   0
0.79   3   0.000329985   0.000362098   -0.000489606   -0.000971949   -0.00107497   0.00072159   -4.48391e-05   -0.000497864   0   0   0   0
0.8   0   0.239096   0   0.596707   0   -6.92523e-05   0   0.596194   0   0   0   0   0
0.8   1   -0.000271961   -0.000125719   -0.00175822   0.000728313   0.000508486   0.000505878   -0.00103035   -0.000751602   0   0   0   0
0.8   2   0.025818   -0.000345203   -0.0389902   0.000173519   0.000461171   0.0551439   -0.00923028   0.000164641   0   0   0   0
0.8   3   0.000331446   0.000368002   -0.000491323   -0.000972415   -0.00107742   0.000726227   -4.30656e-05   -0.00049396   0   0   0   0
0.81   0   0.23758   0   0.590683   0   -6.94685e-05   0   0.587637   0   0   0   0   0
0.81   1   -0.000271703   -0.000126244   -0.00176373   0.000747572   0.000515869   0.000492953   -0.00103187   -0.000746308   0   0   0   0
0.81   2   0.0256689   -0.000340797   -0.0387278   0.000166196   0.000449305   0.0547406   -0.00910132   0.000163546   0   0   0   0
0.81   3   0.000332883   0.000373792   -0.00049293   -0.000972747   -0.00107975   0.000730753   -4.13344e-05   -0.000490121   0   0   0   0
0.82   0   0.23607   0   0.58477   0   -6.96757e-05   0   0.579321   0   0   0   0   0
0.82   1   -0.000271406   -0.000126699   -0.00176907   0.000766663   0.000523046   0.000480287   -0.00103321   -0.000741049   0   0   0   0
0.82   2   0.0255204   -0.000336443   -0.038468   0.000159025   0.000437661   0.0543423   -0.0089758   0.000162484   0   0   0   0
0.82   3   0.000334298   0.000379469   -0.000494429   -0.000972949   -0.00108196   0.000735169   -3.96445e-05   -0.000486344   0   0   0   0
0.83   0   0.234564   0   0.578966   0   -6.98742e-05   0   0.571239   0   0   0   0   0
0.83   1   -0.000271069   -0.000127084   -0.00177424   0.000785584   0.000530021   0.000467875   -0.00103438   -0.000735825   0   0   0   0
0.83   2   0.0253725   -0.000332141   -0.0382109   0.000152003   0.000426236   0.0539489   -0.00885364   0.000161455   0   0   0   0
0.83   3   0.000335688   0.000385034   -0.000495822   -0.000973026   -0.00108406   0.000739475   -3.79951e-05   -0.00048263   0   0   0   0
0.84   0   0.233064   0   0.573267   0   -7.00641e-05   0   0.563386   0   0   0   0   0
0.84   1   -0.000270693   -0.000127402   -0.00177924   0.000804333   0.000536797   0.000455714   -0.00103538   -0.000730637   0   0   0   0
0.84   2   0.0252253   -0.000327891   -0.0379564   0.000145127   0.000415027   0.0535603   -0.00873475   0.000160457   0   0   0   0
0.84   3   0.000337056   0.00039049   -0.000497113   -0.000972981   -0.00108604   0.000743671   -3.63854e-05   -0.000478976   0   0   0   0
0.85   0   0.231569   0   0.567673   0   -7.02457e-05   0   0.555756   0   0   0   0   0
0.85   1   -0.00027028   -0.000127656   -0.00178408   0.000822908   0.000543376   0.000443797   -0.00103623   -0.000725484   0   0   0   0
0.85   2   0.0250788   -0.000323693   -0.0377045   0.000138395   0.00040403   0.0531765   -0.00861905   0.000159489   0   0   0   0
0.85   3   0.0003384   0.000395836   -0.000498302   -0.000972818   -0.00108791   0.000747758   -3.48147e-05   -0.000475381   0   0   0   0
0.86   0   0.230079   0   0.562181   0   -7.04192e-05   0   0.548342   0   0   0   0   0
0.86   1   -0.00026983   -0.000127846   -0.00178875   0.000841306   0.000549763   0.00043212   -0.00103691   -0.000720368   0   0   0   0
0.86   2   0.0249329   -0.000319547   -0.0374551   0.000131802   0.000393243   0.0527974   -0.00850646   0.000158551   0   0   0   0
0.86   3   0.00033972   0.000401075   -0.000499392   -0.000972541   -0.00108967   0.000751737   -3.32819e-05   -0.000471845   0   0   0   0
0.87   0   0.228596   0   0.556789   0   -7.05848e-05   0   0.541138   0   0   0   0   0
0.87   1   -0.000269345   -0.000127976   -0.00179326   0.000859526   0.000555961   0.000420677   -0.00103744   -0.000715287   0   0   0   0
0.87   2   0.0247878   -0.000315452   -0.0372083   0.000125348   0.000382662   0.052423   -0.00839689   0.000157641   0   0   0   0
0.87   3   0.000341017   0.000406206   -0.000500385   -0.000972153   -0.00109133   0.000755608   -3.17864e-05   -0.000468366   0   0   0   0
0.88   0   0.22712   0   0.551495   0   -7.07427e-05   0   0.534139   0   0   0   0   0
0.88   1   -0.000268825   -0.000128046   -0.0017976   0.000877564   0.000561972   0.000409464   -0.00103783   -0.000710244   0   0   0   0
0.88   2   0.0246434   -0.000311408   -0.036964   0.000119028   0.000372284   0.0520532   -0.00829026   0.000156759   0   0   0   0
0.88   3   0.00034229   0.000411233   -0.000501285   -0.000971658   -0.00109288   0.000759371   -3.03273e-05   -0.000464943   0   0   0   0
0.89   0   0.22565   0   0.546297   0   -7.08932e-05   0   0.527338   0   0   0   0   0
0.89   1   -0.000268271   -0.00012806   -0.00180179   0.000895418   0.000567801   0.000398476   -0.00103807   -0.000705237   0   0   0   0
0.89   2   0.0244998   -0.000307415   -0.0367222   0.000112841   0.000362106   0.0516879   -0.00818647   0.000155902   0   0   0   0
0.89   3   0.00034354   0.000416155   -0.000502091   -0.00097106   -0.00109432   0.000763027   -2.89038e-05   -0.000461575   0   0   0   0
0.9   0   0.224186   0   0.541193   0   -7.10365e-05   0   0.52073   0   0   0   0   0
0.9   1   -0.000267685   -0.000128019   -0.00180581   0.000913087   0.00057345   0.000387709   -0.00103818   -0.000700267   0   0   0   0
0.9   2   0.0243569   -0.000303474   -0.0364828   0.000106782   0.000352125   0.0513272   -0.00808546   0.000155072   0   0   0   0
0.9   3   0.000344766   0.000420974   -0.000502808   -0.000970363   -0.00109566   0.000766575   -2.7515e-05   -0.00045826   0   0   0   0
0.91   0   0.22273   0   0.536181   0   -7.11728e-05   0   0.514307   0   0   0   0   0
0.91   1   -0.000267067   -0.000127924   -0.00180968   0.000930568   0.000578922   0.000377156   -0.00103816   -0.000695334   0   0   0   0
0.91   2   0.0242149   -0.000299583   -0.036246   0.00010085   0.000342337   0.0509708   -0.00798713   0.000154265   0   0   0   0
0.91   3   0.000345969   0.000425691   -0.000503438   -0.000969571   -0.00109691   0.000770017   -2.61601e-05   -0.000454997   0   0   0   0
0.92   0   0.221282   0   0.531259   0   -7.13022e-05   0   0.508065   0   0   0   0   0
0.92   1   -0.000266418   -0.000127779   -0.00181339   0.000947859   0.000584222   0.000366813   -0.00103801   -0.000690439   0   0   0   0
0.92   2   0.0240737   -0.000295742   -0.0360115   9.50411e-05   0.00033274   0.0506189   -0.00789139   0.000153482   0   0   0   0
0.92   3   0.000347148   0.000430307   -0.000503981   -0.000968687   -0.00109805   0.000773354   -2.48383e-05   -0.000451785   0   0   0   0
0.93   0   0.219841   0   0.526425   0   -7.14252e-05   0   0.501997   0   0   0   0   0
0.93   1   -0.000265739   -0.000127585   -0.00181695   0.000964957   0.000589352   0.000356675   -0.00103774   -0.000685582   0   0   0   0
0.93   2   0.0239334   -0.000291952   -0.0357795   8.93529e-05   0.00032333   0.0502713   -0.00779817   0.000152722   0   0   0   0
0.93   3   0.000348303   0.000434824   -0.000504442   -0.000967715   -0.0010991   0.000776584   -2.35487e-05   -0.000448623   0   0   0   0
0.94   0   0.218409   0   0.521676   0   -7.15417e-05   0   0.496097   0   0   0   0   0
0.94   1   -0.000265032   -0.000127344   -0.00182035   0.000981861   0.000594316   0.000346738   -0.00103736   -0.000680763   0   0   0   0
0.94   2   0.0237939   -0.000288212   -0.0355498   8.37826e-05   0.000314105   0.049928   -0.00770737   0.000151983   0   0   0   0
0.94   3   0.000349434   0.000439243   -0.000504821   -0.000966658   -0.00110005   0.00077971   -2.22906e-05   -0.00044551   0   0   0   0
0.95   0   0.216985   0   0.517012   0   -7.16522e-05   0   0.490359   0   0   0   0   0
0.95   1   -0.000264296   -0.000127058   -0.0018236   0.000998567   0.000599116   0.000336995   -0.00103687   -0.000675982   0   0   0   0
0.95   2   0.0236553   -0.000284522   -0.0353225   7.83271e-05   0.00030506   0.0495888   -0.00761893   0.000151264   0   0   0   0
0.95   3   0.000350542   0.000443565   -0.000505121   -0.000965522   -0.00110091   0.00078273   -2.10631e-05   -0.000442445   0   0   0   0
0.96   0   0.215569   0   0.51243   0   -7.17568e-05   0   0.484778   0   0   0   0   0
0.96   1   -0.000263534   -0.000126729   -0.0018267   0.00101507   0.000603757   0.000327443   -0.00103627   -0.000671239   0   0   0   0
0.96   2   0.0235177   -0.000280882   -0.0350975   7.29838e-05   0.000296193   0.0492539   -0.00753273   0.000150565   0   0   0   0
0.96   3   0.000351625   0.000447791   -0.000505345   -0.000964309   -0.00110168   0.000785647   -1.98653e-05   -0.000439426   0   0   0   0
0.97   0   0.214162   0   0.507927   0   -7.18556e-05   0   0.479346   0   0   0   0   0
0.97   1   -0.000262746   -0.000126359   -0.00182965   0.00103138   0.000608241   0.000318077   -0.00103557   -0.000666535   0   0   0   0
0.97   2   0.023381   -0.000277291   -0.0348748   6.77497e-05   0.000287501   0.048923   -0.00744872   0.000149884   0   0   0   0
0.97   3   0.000352685   0.000451923   -0.000505494   -0.000963024   -0.00110236   0.000788459   -1.86965e-05   -0.000436451   0   0   0   0
0.98   0   0.212765   0   0.503502   0   -7.19491e-05   0   0.474058   0   0   0   0   0
0.98   1   -0.000261933   -0.00012595   -0.00183245   0.00104748   0.000612572   0.00030889   -0.00103478   -0.00066187   0   0   0   0
0.98   2   0.0232452   -0.00027375   -0.0346544   6.26221e-05   0.000278981   0.0485962   -0.00736679   0.000149221   0   0   0   0
0.98   3   0.000353721   0.000455961   -0.000505571   -0.000961669   -0.00110295   0.000791168   -1.75558e-05   -0.000433521   0   0   0   0
0.99   0   0.211377   0   0.499153   0   -7.20372e-05   0   0.468908   0   0   0   0   0
0.99   1   -0.000261095   -0.000125504   -0.0018351   0.00106338   0.000616753   0.00029988   -0.00103389   -0.000657245   0   0   0   0
0.99   2   0.0231105   -0.000270258   -0.0344363   5.75981e-05   0.000270629   0.0482734   -0.00728687   0.000148575   0   0   0   0
0.99   3   0.000354733   0.000459906   -0.000505579   -0.000960249   -0.00110346   0.000793774   -1.64424e-05   -0.000430634   0   0   0   0
1   0   0.209999   0   0.494878   0   -7.21204e-05   0   0.46389   0   0   0   0   0
1   1   -0.000260235   -0.000125024   -0.00183761   0.00107906   0.000620787   0.000291039   -0.00103293   -0.000652658   0   0   0   0
1   2   0.0229767   -0.000266815   -0.0342204   5.26748e-05   0.000262442   0.0479545   -0.00720887   0.000147944   0   0   0   0
1   3   0.000355721   0.000463761   -0.000505518   -0.000958768   -0.00110389   0.000796277   -1.53554e-05   -0.000427788   0   0   0   0
1.01   0   0.208631   0   0.490674   0   -7.21987e-05   0   0.458997   0   0   0   0   0
1.01   1   -0.000259353   -0.00012451   -0.00183998   0.00109454   0.000624678   0.000282365   -0.00103188   -0.000648112   0   0   0   0
1.01   2   0.022844   -0.000263421   -0.0340067   4.78494e-05   0.000254418   0.0476395   -0.00713271   0.000147327   0   0   0   0
1.01   3   0.000356685   0.000467526   -0.000505392   -0.000957229   -0.00110423   0.000798679   -1.42941e-05   -0.000424982   0   0   0   0
