0.01   0   0.497176   0   0.517869   0   3.17959e-05   0   7.56631   0   0   0   0   0
0.01   1   0.000211739   4.24141e-06   8.11899e-05   -0.000158083   -9.44518e-05   0.000110645   0.00107866   0.000300526   0   0   0   0
0.01   2   0.00998242   -0.000530986   -0.0131435   0.000549475   0.000526584   0.0116193   -0.00205605   2.76979e-05   0   0   0   0
0.01   3   0.000201144   0.000519022   -0.000144261   -0.000391724   -0.000440581   0.000187829   1.43753e-05   1.93158e-05   0   0   0   0
0.02   0   0.490555   0   0.559015   0   5.08793e-05   0   7.32414   0   0   0   0   0
0.02   1   0.000469782   9.14363e-05   0.000815212   -2.65936e-05   -0.00016327   5.37708e-05   0.00272394   0.000602224   0   0   0   0
0.02   2   0.00908697   -0.00053572   -0.0197865   0.000616392   0.000510335   0.0146492   -0.00794768   0.000102554   0   0   0   0
0.02   3   0.00022984   0.000905826   0.000124144   -0.000377047   -0.000594967   0.000119588   7.097e-05   9.3866e-05   0   0   0   0
0.03   0   0.483933   0   0.600161   0   6.99628e-05   0   7.08198   0   0   0   0   0
0.03   1   0.000727825   0.000178631   0.00154923   0.000104895   -0.000232089   -3.10349e-06   0.00436922   0.000903922   0   0   0   0
0.03   2   0.00819153   -0.000540454   -0.0264296   0.000683308   0.000494086   0.0176792   -0.0138393   0.000177409   0   0   0   0
0.03   3   0.000258536   0.00129263   0.000392549   -0.00036237   -0.000749353   5.13459e-05   0.000127565   0.000168416   0   0   0   0
0.04   0   0.475821   0   0.641801   0   8.44571e-05   0   6.82274   0   0   0   0   0
0.04   1   0.000970732   0.000266174   0.00215316   0.000223051   -0.000288424   -5.82315e-05   0.00580858   0.00117251   0   0   0   0
0.04   2   0.00747578   -0.000538781   -0.0331009   0.000760176   0.000494327   0.0209826   -0.0196115   0.000258626   0   0   0   0
0.04   3   0.000267206   0.00162307   0.000604331   -0.000336009   -0.000854508   -9.05004e-06   0.000160212   0.000228308   0   0   0   0
0.05   0   0.460174   0   0.685829   0   7.55855e-05   0   6.47782   0   0   0   0   0
0.05   1   0.00113153   0.000353514   0.00208926   0.000270891   -0.000281152   -0.000102007   0.00618168   0.00126742   0   0   0   0
0.05   2   0.00770125   -0.000505259   -0.0398096   0.000885448   0.000577456   0.025618   -0.0246849   0.000370211   0   0   0   0
0.05   3   0.000175316   0.00166212   0.000527632   -0.000252582   -0.000710841   -2.84593e-05   7.18312e-05   0.000212023   0   0   0   0
0.06   0   0.441913   0   0.730433   0   5.82776e-05   0   6.10463   0   0   0   0   0
0.06   1   0.00125185   0.000436538   0.00177255   0.000288144   -0.000250822   -0.000136405   0.00613164   0.00128866   0   0   0   0
0.06   2   0.0083229   -0.000461897   -0.0463028   0.00102335   0.000688219   0.0306052   -0.0293119   0.000488423   0   0   0   0
0.06   3   5.01278e-05   0.00158649   0.000346379   -0.000153739   -0.000481277   -3.08386e-05   -5.8314e-05   0.000164919   0   0   0   0
0.07   0   0.421827   0   0.775213   0   3.47861e-05   0   5.71299   0   0   0   0   0
0.07   1   0.00133329   0.000512784   0.00126059   0.000278545   -0.000203511   -0.000159435   0.00573895   0.00124654   0   0   0   0
0.07   2   0.00928297   -0.000412736   -0.0524429   0.00116639   0.000817283   0.0357401   -0.0334466   0.000607799   0   0   0   0
0.07   3   -9.69027e-05   0.00141877   8.81547e-05   -4.80154e-05   -0.000192112   -1.88351e-05   -0.000217424   9.24045e-05   0   0   0   0
0.08   0   0.400705   0   0.819773   0   7.36407e-06   0   5.3127   0   0   0   0   0
0.08   1   0.00137744   0.000579791   0.000610952   0.000245834   -0.000145297   -0.000169102   0.00508409   0.00115141   0   0   0   0
0.08   2   0.0105236   -0.000361816   -0.0580923   0.00130705   0.000955315   0.0408189   -0.0370428   0.000722874   0   0   0   0
0.08   3   -0.000254319   0.0011815   -0.000219456   5.60515e-05   0.000130358   4.90438e-06   -0.000392698   -1.13607e-07   0   0   0   0
0.09   0   0.379336   0   0.863715   0   -2.17356e-05   0   4.91359   0   0   0   0   0
0.09   1   0.00138588   0.000635098   -0.000118816   0.000193747   -8.22578e-05   -0.000163416   0.00424755   0.00101359   0   0   0   0
0.09   2   0.0119872   -0.000313178   -0.0631137   0.00143785   0.00109298   0.0456375   -0.0400544   0.000828184   0   0   0   0
0.09   3   -0.000410665   0.00089725   -0.000548871   0.000149925   0.000459837   3.77328e-05   -0.000571337   -0.000107228   0   0   0   0
0.1   0   0.36281   0   0.906193   0   -3.68563e-05   0   4.58065   0   0   0   0   0
0.1   1   0.00134145   0.000651742   -0.000563088   0.000131506   -5.7881e-05   -0.000110981   0.00369581   0.000874673   0   0   0   0
0.1   2   0.0134545   -0.00029987   -0.066106   0.00149582   0.0011609   0.0485646   -0.0417971   0.000876251   0   0   0   0
0.1   3   -0.000479459   0.000694551   -0.000708272   0.000158147   0.000602524   6.82622e-05   -0.000660533   -0.000203788   0   0   0   0
0.11   0   0.349998   0   0.94701   0   -4.17235e-05   0   4.29909   0   0   0   0   0
0.11   1   0.00125411   0.000638191   -0.000801709   6.04036e-05   -6.15587e-05   -2.29192e-05   0.0033372   0.000731055   0   0   0   0
0.11   2   0.0149399   -0.000312994   -0.0674953   0.0014982   0.00117651   0.050033   -0.0425094   0.00088035   0   0   0   0
0.11   3   -0.000482707   0.0005487   -0.000743329   0.00010203   0.000606837   9.77443e-05   -0.000683171   -0.000293192   0   0   0   0
0.12   0   0.338621   0   0.986087   0   -4.36467e-05   0   4.03936   0   0   0   0   0
0.12   1   0.00113882   0.000609461   -0.000996894   -1.97347e-05   -7.26816e-05   8.17852e-05   0.00297683   0.000570756   0   0   0   0
0.12   2   0.0165004   -0.000335898   -0.0680452   0.00147704   0.00117333   0.0508568   -0.0426007   0.000864989   0   0   0   0
0.12   3   -0.000462479   0.000406666   -0.000743623   2.07806e-05   0.000565975   0.000129768   -0.00068353   -0.000384119   0   0   0   0
0.13   0   0.328609   0   1.02311   0   -4.30463e-05   0   3.80029   0   0   0   0   0
0.13   1   0.0010009   0.000567976   -0.00115252   -0.000106264   -8.98665e-05   0.00019926   0.00261821   0.000397873   0   0   0   0
0.13   2   0.0181104   -0.000366839   -0.0678703   0.00143591   0.00115401   0.0511167   -0.0421521   0.000833085   0   0   0   0
0.13   3   -0.000422282   0.000269878   -0.000714327   -8.07901e-05   0.00048705   0.00016343   -0.000664767   -0.0004751   0   0   0   0
0.14   0   0.319894   0   1.05778   0   -4.03426e-05   0   3.58067   0   0   0   0   0
0.14   1   0.000845682   0.000516163   -0.00127248   -0.00019654   -0.000111731   0.000325633   0.00226485   0.0002165   0   0   0   0
0.14   2   0.0197443   -0.000404072   -0.0670848   0.00137837   0.00112119   0.0508934   -0.0412447   0.000787551   0   0   0   0
0.14   3   -0.000365624   0.000139764   -0.000660613   -0.000197871   0.000377174   0.000197827   -0.000630039   -0.000564666   0   0   0   0
0.15   0   0.312408   0   1.08979   0   -3.59563e-05   0   3.37932   0   0   0   0   0
0.15   1   0.000678493   0.000456445   -0.00136066   -0.000287919   -0.000136891   0.000457032   0.00192026   3.07313e-05   0   0   0   0
0.15   2   0.0213764   -0.000445853   -0.0658034   0.00130797   0.00107751   0.0502675   -0.0399599   0.000731304   0   0   0   0
0.15   3   -0.000296012   1.7754e-05   -0.000587652   -0.000325651   0.00024346   0.000232054   -0.000582503   -0.000651346   0   0   0   0
0.16   0   0.30608   0   1.11882   0   -3.03076e-05   0   3.19507   0   0   0   0   0
0.16   1   0.000504659   0.000391248   -0.00142092   -0.000377756   -0.000163964   0.000589584   0.00158793   -0.000155337   0   0   0   0
0.16   2   0.0229812   -0.000490437   -0.0641403   0.00122827   0.00102563   0.0493197   -0.0383788   0.000667258   0   0   0   0
0.16   3   -0.000216954   -9.47231e-05   -0.000500616   -0.00045932   9.30172e-05   0.000265209   -0.000525317   -0.000733673   0   0   0   0
0.17   0   0.300844   0   1.14456   0   -2.3817e-05   0   3.02671   0   0   0   0   0
0.17   1   0.000329507   0.000322997   -0.00145716   -0.000463407   -0.000191568   0.000719419   0.00127137   -0.00033761   0   0   0   0
0.17   2   0.0245329   -0.000536081   -0.06221   0.00114284   0.000968174   0.0481306   -0.0365825   0.000598329   0   0   0   0
0.17   3   -0.000131958   -0.000196238   -0.000404679   -0.000594065   -6.70411e-05   0.000296388   -0.000461638   -0.000810177   0   0   0   0
0.18   0   0.296767   0   1.16189   0   -2.03253e-05   0   2.87003   0   0   0   0   0
0.18   1   0.000207252   0.000274559   -0.0014924   -0.000513877   -0.000205498   0.000804388   0.00101488   -0.00047202   0   0   0   0
0.18   2   0.0257471   -0.000565421   -0.0610347   0.00108518   0.000928931   0.0473776   -0.0352596   0.000551388   0   0   0   0
0.18   3   -7.29188e-05   -0.000263897   -0.000347684   -0.000679387   -0.00016902   0.000314063   -0.000419774   -0.000861364   0   0   0   0
0.19   0   0.293765   0   1.1711   0   -1.9822e-05   0   2.72423   0   0   0   0   0
0.19   1   0.00013706   0.000245784   -0.00152812   -0.000530096   -0.000205987   0.000845442   0.000816804   -0.000559508   0   0   0   0
0.19   2   0.0266308   -0.000578682   -0.0606145   0.00105509   0.000907881   0.0470661   -0.0344146   0.000526333   0   0   0   0
0.19   3   -3.97679e-05   -0.000298974   -0.000329428   -0.000716231   -0.00021344   0.000318667   -0.000399713   -0.000888036   0   0   0   0
0.2   0   0.291635   0   1.1765   0   -1.94541e-05   0   2.59102   0   0   0   0   0
0.2   1   7.74736e-05   0.000219532   -0.00154986   -0.000536548   -0.000203921   0.000875339   0.000641633   -0.000634235   0   0   0   0
0.2   2   0.027406   -0.000589066   -0.0601951   0.00102744   0.000887446   0.0467059   -0.0335477   0.000503151   0   0   0   0
0.2   3   -8.84529e-06   -0.000320584   -0.000314244   -0.000743511   -0.000251171   0.000319466   -0.000380544   -0.000905973   0   0   0   0
0.21   0   0.290292   0   1.1784   0   -1.92109e-05   0   2.46959   0   0   0   0   0
0.21   1   2.76579e-05   0.000195651   -0.00155912   -0.000534164   -0.000199533   0.000895032   0.000487728   -0.000697144   0   0   0   0
0.21   2   0.0280797   -0.000596799   -0.0597764   0.00100203   0.000867607   0.0463024   -0.0326636   0.000481738   0   0   0   0
0.21   3   1.992e-05   -0.000330004   -0.000301924   -0.000762177   -0.000282737   0.000316897   -0.000362252   -0.000915979   0   0   0   0
0.22   0   0.28965   0   1.17708   0   -1.90817e-05   0   2.35916   0   0   0   0   0
0.22   1   -1.32227e-05   0.00017399   -0.00155734   -0.000523872   -0.000193058   0.000905472   0.000353454   -0.000749179   0   0   0   0
0.22   2   0.028659   -0.000602104   -0.0593584   0.000978637   0.000848345   0.0458611   -0.031767   0.000461988   0   0   0   0
0.22   3   4.65986e-05   -0.000328511   -0.000292263   -0.000773177   -0.000308664   0.000311394   -0.000344825   -0.000918855   0   0   0   0
0.23   0   0.289621   0   1.17285   0   -1.90556e-05   0   2.2589   0   0   0   0   0
0.23   1   -4.60036e-05   0.000154396   -0.00154601   -0.000506603   -0.000184729   0.000907613   0.000237175   -0.000791284   0   0   0   0
0.23   2   0.0291507   -0.000605206   -0.0589412   0.000957041   0.000829642   0.0453875   -0.0308624   0.000443798   0   0   0   0
0.23   3   7.12616e-05   -0.000317381   -0.000285051   -0.000777458   -0.000329478   0.000303394   -0.000328249   -0.000915406   0   0   0   0
0.24   0   0.29012   0   1.16601   0   -1.9122e-05   0   2.16802   0   0   0   0   0
0.24   1   -7.152e-05   0.000136717   -0.00152659   -0.000483285   -0.000174778   0.000902407   0.000137255   -0.000824403   0   0   0   0
0.24   2   0.0295619   -0.00060633   -0.0585246   0.000937028   0.000811478   0.044887   -0.0299546   0.000427063   0   0   0   0
0.24   3   9.39796e-05   -0.000297892   -0.000280083   -0.00077597   -0.000345704   0.000293333   -0.000312511   -0.000906434   0   0   0   0
0.25   0   0.29106   0   1.15686   0   -1.92702e-05   0   2.08572   0   0   0   0   0
0.25   1   -9.06074e-05   0.000120802   -0.00150055   -0.000454847   -0.000163438   0.000890808   5.20573e-05   -0.000849481   0   0   0   0
0.25   2   0.0298997   -0.000605701   -0.0581089   0.000918378   0.000793834   0.0443651   -0.0290483   0.000411677   0   0   0   0
0.25   3   0.000114823   -0.00027132   -0.000277152   -0.000769662   -0.000357868   0.000281646   -0.000297598   -0.000892742   0   0   0   0
0.26   0   0.292356   0   1.14569   0   -1.94893e-05   0   2.01119   0   0   0   0   0
0.26   1   -0.000104101   0.000106497   -0.00146937   -0.00042222   -0.000150944   0.000873767   -2.00527e-05   -0.00086746   0   0   0   0
0.26   2   0.0301708   -0.000603544   -0.0576938   0.000900875   0.000776693   0.0438273   -0.028148   0.000397537   0   0   0   0
0.26   3   0.000133864   -0.000238942   -0.00027605   -0.00075948   -0.000366494   0.000268769   -0.000283496   -0.000875132   0   0   0   0
0.27   0   0.293921   0   1.13281   0   -1.97686e-05   0   1.94362   0   0   0   0   0
0.27   1   -0.000112836   9.36516e-05   -0.0014345   -0.000386332   -0.000137527   0.000852238   -8.07111e-05   -0.000879285   0   0   0   0
0.27   2   0.0303825   -0.000600082   -0.0572795   0.0008843   0.000760034   0.043279   -0.0272585   0.000384536   0   0   0   0
0.27   3   0.000151172   -0.000202035   -0.000276569   -0.000746375   -0.000372109   0.000255138   -0.000270193   -0.000854407   0   0   0   0
0.28   0   0.295669   0   1.11851   0   -2.00974e-05   0   1.88222   0   0   0   0   0
0.28   1   -0.000117649   8.21131e-05   -0.00139743   -0.000348113   -0.000123423   0.000827173   -0.000131554   -0.000885899   0   0   0   0
0.28   2   0.0305416   -0.000595541   -0.0568659   0.000868437   0.00074384   0.0427257   -0.0263844   0.000372571   0   0   0   0
0.28   3   0.000166818   -0.000161876   -0.000278504   -0.000731294   -0.000375238   0.000241189   -0.000257676   -0.000831372   0   0   0   0
0.29   0   0.295935   0   1.10756   0   -2.02813e-05   0   1.81474   0   0   0   0   0
0.29   1   -0.000133023   6.98493e-05   -0.0013888   -0.000326129   -0.000112874   0.000815579   -0.000199358   -0.000902797   0   0   0   0
0.29   2   0.0307514   -0.000593776   -0.0564489   0.000848745   0.00072802   0.0422803   -0.0256326   0.000360219   0   0   0   0
0.29   3   0.000180415   -0.000143239   -0.000278951   -0.000733681   -0.000384796   0.000236412   -0.00024645   -0.000821269   0   0   0   0
0.3   0   0.295782   0   1.097   0   -2.04431e-05   0   1.7487   0   0   0   0   0
0.3   1   -0.000149869   5.80754e-05   -0.00138886   -0.000308484   -0.000103197   0.000806734   -0.000267478   -0.000920341   0   0   0   0
0.3   2   0.030949   -0.000592372   -0.0560315   0.00082815   0.000712607   0.0418701   -0.0249335   0.000348333   0   0   0   0
0.3   3   0.000192366   -0.000130315   -0.000279663   -0.000741037   -0.000395207   0.000234659   -0.000236124   -0.000814402   0   0   0   0
0.31   0   0.295623   0   1.08573   0   -2.06303e-05   0   1.68692   0   0   0   0   0
0.31   1   -0.000164687   4.72367e-05   -0.00138981   -0.000290505   -9.33518e-05   0.000796492   -0.000329562   -0.000934854   0   0   0   0
0.31   2   0.0311107   -0.000590399   -0.055615   0.000807808   0.000697605   0.0414665   -0.0242592   0.000337228   0   0   0   0
0.31   3   0.000202888   -0.000116916   -0.000281289   -0.000748433   -0.000404332   0.000233489   -0.000226521   -0.000806984   0   0   0   0
0.32   0   0.295455   0   1.07381   0   -2.08419e-05   0   1.62919   0   0   0   0   0
0.32   1   -0.000177603   3.72785e-05   -0.00139161   -0.000272207   -8.3363e-05   0.000784972   -0.000385943   -0.000946526   0   0   0   0
0.32   2   0.0312385   -0.000587895   -0.0551996   0.000787725   0.000682999   0.0410694   -0.0236091   0.000326866   0   0   0   0
0.32   3   0.000212077   -0.000103101   -0.000283763   -0.000755859   -0.000412262   0.000232869   -0.0002176   -0.00079907   0   0   0   0
0.33   0   0.295272   0   1.06131   0   -2.10764e-05   0   1.57531   0   0   0   0   0
0.33   1   -0.000188746   2.81464e-05   -0.00139421   -0.000253605   -7.3256e-05   0.000772297   -0.000436953   -0.000955547   0   0   0   0
0.33   2   0.0313344   -0.000584895   -0.0547856   0.000767908   0.000668773   0.0406787   -0.0229826   0.000317212   0   0   0   0
0.33   3   0.000220026   -8.89285e-05   -0.000287017   -0.000763304   -0.000419087   0.000232765   -0.000209322   -0.000790713   0   0   0   0
0.34   0   0.295071   0   1.0483   0   -2.13328e-05   0   1.52506   0   0   0   0   0
0.34   1   -0.000198242   1.97858e-05   -0.00139757   -0.000234713   -6.3056e-05   0.000758584   -0.000482924   -0.000962106   0   0   0   0
0.34   2   0.0314003   -0.000581436   -0.054373   0.000748365   0.000654912   0.0402942   -0.0223789   0.00030823   0   0   0   0
0.34   3   0.00022683   -7.44566e-05   -0.000290983   -0.000770759   -0.000424898   0.000233143   -0.000201645   -0.000781968   0   0   0   0
0.35   0   0.294847   0   1.03485   0   -2.16098e-05   0   1.47823   0   0   0   0   0
0.35   1   -0.00020622   1.2142e-05   -0.00140165   -0.000215547   -5.27883e-05   0.000743956   -0.000524188   -0.000966393   0   0   0   0
0.35   2   0.0314383   -0.000577555   -0.0539622   0.000729101   0.000641402   0.039916   -0.0217976   0.000299882   0   0   0   0
0.35   3   0.000232585   -5.97438e-05   -0.000295595   -0.000778211   -0.000429784   0.000233971   -0.000194531   -0.000772888   0   0   0   0
0.36   0   0.294596   0   1.02102   0   -2.19062e-05   0   1.4346   0   0   0   0   0
0.36   1   -0.000212806   5.16072e-06   -0.0014064   -0.00019612   -4.24781e-05   0.000728532   -0.000561077   -0.000968596   0   0   0   0
0.36   2   0.0314504   -0.000573288   -0.0535534   0.000710123   0.000628227   0.0395438   -0.0212378   0.000292132   0   0   0   0
0.36   3   0.000237383   -4.48487e-05   -0.000300785   -0.000785652   -0.000433836   0.000235213   -0.000187938   -0.000763528   0   0   0   0
0.37   0   0.294312   0   1.00688   0   -2.22207e-05   0   1.39398   0   0   0   0   0
0.37   1   -0.000218129   -1.21279e-06   -0.00141177   -0.000176448   -3.21506e-05   0.000712431   -0.000593922   -0.000968906   0   0   0   0
0.37   2   0.0314385   -0.00056867   -0.0531467   0.000691438   0.000615373   0.0391777   -0.0206991   0.000284945   0   0   0   0
0.37   3   0.000241321   -2.98295e-05   -0.000306486   -0.000793069   -0.000437145   0.000236836   -0.000181827   -0.000753942   0   0   0   0
0.38   0   0.293992   0   0.992511   0   -2.25521e-05   0   1.35614   0   0   0   0   0
0.38   1   -0.000222316   -7.03301e-06   -0.00141772   -0.000156546   -2.18311e-05   0.000695776   -0.000623057   -0.000967512   0   0   0   0
0.38   2   0.0314046   -0.00056374   -0.0527424   0.000673053   0.000602823   0.0388174   -0.0201808   0.000278283   0   0   0   0
0.38   3   0.000244493   -1.47449e-05   -0.00031263   -0.000800452   -0.000439801   0.000238807   -0.000176157   -0.000744183   0   0   0   0
0.39   0   0.293632   0   0.977967   0   -2.28992e-05   0   1.32088   0   0   0   0   0
0.39   1   -0.000225495   -1.23545e-05   -0.00142422   -0.000136428   -1.15447e-05   0.000678685   -0.000648813   -0.000964603   0   0   0   0
0.39   2   0.0313508   -0.000558532   -0.0523407   0.000654974   0.000590563   0.0384628   -0.0196822   0.00027211   0   0   0   0
0.39   3   0.000246993   3.46889e-07   -0.000319151   -0.000807791   -0.000441894   0.000241091   -0.000170889   -0.000734305   0   0   0   0
0.4   0   0.293226   0   0.963323   0   -2.32608e-05   0   1.28798   0   0   0   0   0
0.4   1   -0.000227792   -1.72318e-05   -0.00143121   -0.000116109   -1.31678e-06   0.00066128   -0.000671522   -0.00096037   0   0   0   0
0.4   2   0.0312791   -0.000553083   -0.0519417   0.000637209   0.000578577   0.038114   -0.0192026   0.00026639   0   0   0   0
0.4   3   0.000248916   1.53873e-05   -0.00032598   -0.000815075   -0.000443515   0.000243656   -0.000165982   -0.000724363   0   0   0   0
0.41   0   0.29277   0   0.948645   0   -2.36357e-05   0   1.25724   0   0   0   0   0
0.41   1   -0.000229336   -2.17195e-05   -0.00143865   -9.56035e-05   8.82754e-06   0.00064368   -0.000691517   -0.000955001   0   0   0   0
0.41   2   0.0311913   -0.000547431   -0.0515458   0.000619763   0.000566851   0.0377707   -0.0187416   0.000261087   0   0   0   0
0.41   3   0.000250356   3.0318e-05   -0.000333051   -0.000822294   -0.000444754   0.000246468   -0.000161396   -0.000714411   0   0   0   0
0.42   0   0.292191   0   0.934663   0   -2.40248e-05   0   1.22693   0   0   0   0   0
0.42   1   -0.000231336   -2.63518e-05   -0.0014463   -7.49773e-05   1.86103e-05   0.000627151   -0.000711676   -0.000950231   0   0   0   0
0.42   2   0.0311043   -0.000541898   -0.0511554   0.000602763   0.00055526   0.0374331   -0.0182972   0.000255927   0   0   0   0
0.42   3   0.000252243   4.44399e-05   -0.000339733   -0.000829394   -0.000446554   0.000249255   -0.000156765   -0.000705051   0   0   0   0
0.43   0   0.29136   0   0.922625   0   -2.44308e-05   0   1.19415   0   0   0   0   0
0.43   1   -0.000235846   -3.20375e-05   -0.00145377   -5.4335e-05   2.75564e-05   0.000613856   -0.00073687   -0.000949002   0   0   0   0
0.43   2   0.031046   -0.000537035   -0.050775   0.000586428   0.000543593   0.0371012   -0.0178669   0.000250455   0   0   0   0
0.43   3   0.000256155   5.65542e-05   -0.000344957   -0.00083629   -0.000450525   0.00025156   -0.000151469   -0.000697317   0   0   0   0
0.44   0   0.290467   0   0.910739   0   -2.48463e-05   0   1.16294   0   0   0   0   0
0.44   1   -0.000239954   -3.74834e-05   -0.00146156   -3.35492e-05   3.63504e-05   0.000600694   -0.000760272   -0.000947161   0   0   0   0
0.44   2   0.0309773   -0.000532068   -0.0503982   0.00057043   0.000532144   0.0367745   -0.0174532   0.000245296   0   0   0   0
0.44   3   0.000259845   6.84018e-05   -0.000350237   -0.00084309   -0.000454361   0.000254019   -0.000146383   -0.000689718   0   0   0   0
0.45   0   0.289516   0   0.899008   0   -2.52699e-05   0   1.13323   0   0   0   0   0
0.45   1   -0.000243679   -4.26957e-05   -0.00146966   -1.26298e-05   4.49925e-05   0.00058767   -0.000781957   -0.000944743   0   0   0   0
0.45   2   0.0308987   -0.000527005   -0.0500249   0.000554763   0.000520908   0.036453   -0.0170555   0.000240439   0   0   0   0
0.45   3   0.000263324   7.99889e-05   -0.000355563   -0.000849787   -0.000458066   0.000256619   -0.0001415   -0.000682254   0   0   0   0
0.46   0   0.28851   0   0.887432   0   -2.57002e-05   0   1.10497   0   0   0   0   0
0.46   1   -0.000247038   -4.76807e-05   -0.00147803   8.41374e-06   5.34831e-05   0.000574788   -0.000802001   -0.000941781   0   0   0   0
0.46   2   0.0308107   -0.000521854   -0.0496551   0.000539421   0.00050988   0.0361366   -0.0166734   0.000235871   0   0   0   0
0.46   3   0.0002666   9.13215e-05   -0.000360923   -0.000856375   -0.000461645   0.000259352   -0.000136812   -0.000674922   0   0   0   0
0.47   0   0.28745   0   0.876014   0   -2.61356e-05   0   1.0781   0   0   0   0   0
0.47   1   -0.000250051   -5.24447e-05   -0.00148666   2.95716e-05   6.18223e-05   0.000562054   -0.00082048   -0.000938309   0   0   0   0
0.47   2   0.0307139   -0.000516621   -0.0492888   0.000524401   0.000499058   0.035825   -0.0163062   0.000231578   0   0   0   0
0.47   3   0.000269687   0.000102406   -0.000366307   -0.000862847   -0.000465103   0.000262208   -0.000132312   -0.000667721   0   0   0   0
0.48   0   0.286339   0   0.864756   0   -2.65749e-05   0   1.05256   0   0   0   0   0
0.48   1   -0.000252737   -5.69937e-05   -0.00149551   5.08342e-05   7.00103e-05   0.000549472   -0.000837469   -0.000934361   0   0   0   0
0.48   2   0.0306087   -0.000511315   -0.048926   0.000509695   0.000488436   0.0355183   -0.0159536   0.00022755   0   0   0   0
0.48   3   0.000272593   0.000113248   -0.000371705   -0.000869197   -0.000468443   0.000265177   -0.000127994   -0.000660651   0   0   0   0
0.49   0   0.28518   0   0.853658   0   -2.70164e-05   0   1.02829   0   0   0   0   0
0.49   1   -0.000255113   -6.13341e-05   -0.00150456   7.21918e-05   7.80474e-05   0.000537047   -0.000853042   -0.000929971   0   0   0   0
0.49   2   0.0304956   -0.000505942   -0.0485666   0.000495299   0.000478011   0.0352163   -0.0156148   0.000223772   0   0   0   0
0.49   3   0.00027533   0.000123854   -0.000377106   -0.000875419   -0.00047167   0.00026825   -0.000123849   -0.000653708   0   0   0   0
0.5   0   0.283976   0   0.842723   0   -2.74589e-05   0   1.00523   0   0   0   0   0
0.5   1   -0.000257198   -6.5472e-05   -0.00151379   9.36348e-05   8.59338e-05   0.000524784   -0.000867276   -0.000925173   0   0   0   0
0.5   2   0.0303752   -0.000500509   -0.0482106   0.000481207   0.000467779   0.0349188   -0.0152895   0.000220233   0   0   0   0
0.5   3   0.000277908   0.000134229   -0.0003825   -0.000881506   -0.000474789   0.000271415   -0.00011987   -0.000646892   0   0   0   0
0.51   0   0.282728   0   0.831951   0   -2.79008e-05   0   0.983326   0   0   0   0   0
0.51   1   -0.000259011   -6.94137e-05   -0.00152318   0.000115153   9.36698e-05   0.000512688   -0.000880245   -0.00092   0   0   0   0
0.51   2   0.0302481   -0.000495025   -0.047858   0.000467415   0.000457735   0.0346258   -0.0149771   0.000216919   0   0   0   0
0.51   3   0.000280338   0.000144381   -0.000387875   -0.000887452   -0.000477804   0.000274665   -0.000116051   -0.000640202   0   0   0   0
0.52   0   0.28144   0   0.821346   0   -2.83407e-05   0   0.962517   0   0   0   0   0
0.52   1   -0.00026057   -7.31654e-05   -0.0015327   0.000136738   0.000101255   0.000500763   -0.000892026   -0.000914486   0   0   0   0
0.52   2   0.0301146   -0.000489496   -0.0475087   0.000453917   0.000447875   0.0343372   -0.014677   0.000213819   0   0   0   0
0.52   3   0.00028263   0.000154315   -0.000393222   -0.00089325   -0.00048072   0.000277989   -0.000112384   -0.000633636   0   0   0   0
0.53   0   0.280114   0   0.810908   0   -2.87771e-05   0   0.942744   0   0   0   0   0
0.53   1   -0.000261894   -7.67332e-05   -0.00154233   0.000158379   0.000108691   0.000489014   -0.000902693   -0.000908666   0   0   0   0
0.53   2   0.0299753   -0.000483931   -0.0471628   0.000440707   0.000438196   0.0340528   -0.0143888   0.000210919   0   0   0   0
0.53   3   0.000284796   0.000164038   -0.00039853   -0.000898894   -0.000483541   0.000281376   -0.000108861   -0.000627193   0   0   0   0
0.54   0   0.278753   0   0.800639   0   -2.92087e-05   0   0.923949   0   0   0   0   0
0.54   1   -0.000263001   -8.01235e-05   -0.00155203   0.000180067   0.000115977   0.000477445   -0.000912322   -0.000902572   0   0   0   0
0.54   2   0.0298308   -0.000478335   -0.0468203   0.00042778   0.000428692   0.0337725   -0.0141119   0.000208207   0   0   0   0
0.54   3   0.000286845   0.000173554   -0.000403788   -0.000904377   -0.000486271   0.000284819   -0.000105476   -0.000620871   0   0   0   0
0.55   0   0.277359   0   0.790541   0   -2.9634e-05   0   0.906072   0   0   0   0   0
0.55   1   -0.000263909   -8.33424e-05   -0.0015618   0.000201792   0.000123114   0.000466063   -0.000920989   -0.000896239   0   0   0   0
0.55   2   0.0296816   -0.000472717   -0.0464809   0.000415131   0.000419361   0.0334962   -0.0138457   0.000205671   0   0   0   0
0.55   3   0.000288788   0.000182871   -0.000408985   -0.000909694   -0.000488916   0.000288305   -0.00010222   -0.000614669   0   0   0   0
0.56   0   0.275934   0   0.780615   0   -3.00515e-05   0   0.889056   0   0   0   0   0
0.56   1   -0.000264638   -8.63962e-05   -0.0015716   0.000223544   0.000130101   0.00045487   -0.000928767   -0.000889701   0   0   0   0
0.56   2   0.0295281   -0.000467084   -0.0461449   0.000402754   0.000410197   0.0332238   -0.0135899   0.000203297   0   0   0   0
0.56   3   0.000290636   0.000191995   -0.000414112   -0.000914837   -0.000491479   0.000291827   -9.90874e-05   -0.000608585   0   0   0   0
0.57   0   0.274482   0   0.770864   0   -3.04598e-05   0   0.872841   0   0   0   0   0
0.57   1   -0.000265206   -8.9291e-05   -0.0015814   0.000245314   0.000136939   0.000443873   -0.000935734   -0.000882991   0   0   0   0
0.57   2   0.0293709   -0.000461444   -0.0458121   0.000390645   0.000401197   0.0329551   -0.0133438   0.000201073   0   0   0   0
0.57   3   0.000292399   0.000200931   -0.000419157   -0.000919801   -0.000493965   0.000295374   -9.60702e-05   -0.000602618   0   0   0   0
0.58   0   0.273005   0   0.761288   0   -3.08575e-05   0   0.857368   0   0   0   0   0
0.58   1   -0.000265631   -9.20331e-05   -0.0015912   0.000267091   0.000143628   0.000433075   -0.000941964   -0.000876143   0   0   0   0
0.58   2   0.0292105   -0.000455803   -0.0454824   0.000378797   0.000392357   0.0326902   -0.0131068   0.000198987   0   0   0   0
0.58   3   0.000294089   0.000209687   -0.000424111   -0.000924578   -0.000496378   0.000298936   -9.31611e-05   -0.000596767   0   0   0   0
0.59   0   0.271565   0   0.752103   0   -3.11603e-05   0   0.840814   0   0   0   0   0
0.59   1   -0.000266607   -9.47585e-05   -0.00160012   0.000288775   0.000150086   0.000422857   -0.000949972   -0.000870448   0   0   0   0
0.59   2   0.029064   -0.000450409   -0.0451558   0.000367178   0.000383574   0.0324256   -0.0128655   0.000196641   0   0   0   0
0.59   3   0.000296117   0.000218417   -0.000428494   -0.000928745   -0.000498913   0.000302185   -9.01437e-05   -0.000591071   0   0   0   0
0.6   0   0.270121   0   0.743152   0   -3.14287e-05   0   0.824439   0   0   0   0   0
0.6   1   -0.000267649   -9.73766e-05   -0.00160877   0.000310425   0.000156374   0.000412942   -0.000958012   -0.000865002   0   0   0   0
0.6   2   0.0289197   -0.00044509   -0.0448323   0.000355802   0.000374917   0.0321638   -0.012629   0.00019431   0   0   0   0
0.6   3   0.000298194   0.000227016   -0.000432647   -0.000932607   -0.000501433   0.000305351   -8.71671e-05   -0.000585498   0   0   0   0
0.61   0   0.268658   0   0.734378   0   -3.16835e-05   0   0.80866   0   0   0   0   0
0.61   1   -0.000268592   -9.98583e-05   -0.00161735   0.000332055   0.000162516   0.000403235   -0.0009655   -0.000859498   0   0   0   0
0.61   2   0.0287734   -0.000439789   -0.0445119   0.000344673   0.000366409   0.0319053   -0.0124003   0.000192085   0   0   0   0
0.61   3   0.000300221   0.00023545   -0.000436683   -0.00093627   -0.00050389   0.000308507   -8.42803e-05   -0.000580036   0   0   0   0
0.62   0   0.267178   0   0.725778   0   -3.19252e-05   0   0.79346   0   0   0   0   0
0.62   1   -0.000269439   -0.000102207   -0.00162585   0.000353658   0.000168513   0.000393732   -0.000972454   -0.000853941   0   0   0   0
0.62   2   0.0286252   -0.000434508   -0.0441947   0.000333785   0.000358048   0.0316501   -0.0121792   0.000189962   0   0   0   0
0.62   3   0.000302202   0.00024372   -0.000440604   -0.000939739   -0.000506285   0.000311652   -8.1481e-05   -0.000574682   0   0   0   0
0.63   0   0.265682   0   0.717348   0   -3.21543e-05   0   0.77882   0   0   0   0   0
0.63   1   -0.000270193   -0.000104426   -0.00163427   0.000375227   0.000174368   0.000384429   -0.000978895   -0.000848336   0   0   0   0
0.63   2   0.0284754   -0.000429248   -0.0438805   0.000323134   0.000349832   0.0313982   -0.0119656   0.000187938   0   0   0   0
0.63   3   0.000304136   0.000251831   -0.00044441   -0.000943015   -0.000508618   0.000314784   -7.87666e-05   -0.000569434   0   0   0   0
0.64   0   0.264171   0   0.709085   0   -3.23712e-05   0   0.764722   0   0   0   0   0
0.64   1   -0.000270857   -0.000106518   -0.00164259   0.000396753   0.000180082   0.000375322   -0.000984841   -0.000842688   0   0   0   0
0.64   2   0.0283241   -0.000424011   -0.0435694   0.000312716   0.000341761   0.0311495   -0.0117592   0.000186009   0   0   0   0
0.64   3   0.000306025   0.000259784   -0.0004481   -0.000946104   -0.000510888   0.0003179   -7.61347e-05   -0.00056429   0   0   0   0
0.65   0   0.262647   0   0.700986   0   -3.25764e-05   0   0.751148   0   0   0   0   0
0.65   1   -0.000271435   -0.000108487   -0.00165082   0.00041823   0.000185658   0.000366407   -0.000990311   -0.000837001   0   0   0   0
0.65   2   0.0281714   -0.000418799   -0.0432613   0.000302525   0.00033383   0.030904   -0.0115597   0.000184172   0   0   0   0
0.65   3   0.00030787   0.000267583   -0.000451675   -0.000949006   -0.000513097   0.000320997   -7.35828e-05   -0.000559246   0   0   0   0
0.66   0   0.261109   0   0.693047   0   -3.27704e-05   0   0.73808   0   0   0   0   0
0.66   1   -0.000271929   -0.000110336   -0.00165895   0.000439649   0.000191098   0.000357682   -0.000995324   -0.000831281   0   0   0   0
0.66   2   0.0280173   -0.000413614   -0.0429562   0.000292557   0.00032604   0.0306617   -0.011367   0.000182422   0   0   0   0
0.66   3   0.000309673   0.000275229   -0.000455136   -0.000951727   -0.000515244   0.000324073   -7.11085e-05   -0.000554302   0   0   0   0
0.67   0   0.259561   0   0.685265   0   -3.29537e-05   0   0.7255   0   0   0   0   0
0.67   1   -0.000272342   -0.000112068   -0.00166698   0.000461004   0.000196404   0.00034914   -0.0009999   -0.000825533   0   0   0   0
0.67   2   0.0278622   -0.000408458   -0.0426542   0.000282808   0.000318387   0.0304224   -0.0111807   0.000180756   0   0   0   0
0.67   3   0.000311435   0.000282725   -0.000458482   -0.000954269   -0.000517328   0.000327126   -6.87093e-05   -0.000549453   0   0   0   0
0.68   0   0.258002   0   0.677637   0   -3.31266e-05   0   0.71339   0   0   0   0   0
0.68   1   -0.000272677   -0.000113686   -0.0016749   0.000482287   0.000201578   0.00034078   -0.00100406   -0.00081976   0   0   0   0
0.68   2   0.027706   -0.000403333   -0.0423551   0.000273272   0.000310871   0.0301862   -0.0110008   0.00017917   0   0   0   0
0.68   3   0.000313158   0.000290075   -0.000461713   -0.000956635   -0.000519352   0.000330153   -6.63827e-05   -0.000544699   0   0   0   0
0.69   0   0.256435   0   0.67016   0   -3.32897e-05   0   0.701732   0   0   0   0   0
0.69   1   -0.000272937   -0.000115193   -0.0016827   0.00050349   0.000206623   0.000332597   -0.00100782   -0.000813969   0   0   0   0
0.69   2   0.0275489   -0.00039824   -0.0420589   0.000263945   0.000303489   0.0299531   -0.010827   0.00017766   0   0   0   0
0.69   3   0.000314843   0.00029728   -0.00046483   -0.000958828   -0.000521313   0.000333151   -6.41263e-05   -0.000540036   0   0   0   0
0.7   0   0.25486   0   0.66283   0   -3.34434e-05   0   0.690507   0   0   0   0   0
0.7   1   -0.000273125   -0.000116594   -0.00169038   0.000524605   0.00021154   0.000324587   -0.0010112   -0.000808163   0   0   0   0
0.7   2   0.0273911   -0.000393182   -0.0417657   0.000254822   0.000296239   0.0297229   -0.0106589   0.000176223   0   0   0   0
0.7   3   0.000316491   0.000304344   -0.000467833   -0.000960853   -0.000523213   0.000336119   -6.19375e-05   -0.000535462   0   0   0   0
0.71   0   0.253278   0   0.655644   0   -3.35883e-05   0   0.679698   0   0   0   0   0
0.71   1   -0.000273244   -0.00011789   -0.00169793   0.000545625   0.000216331   0.000316746   -0.00101422   -0.000802349   0   0   0   0
0.71   2   0.0272327   -0.000388159   -0.0414754   0.000245899   0.00028912   0.0294956   -0.0104966   0.000174855   0   0   0   0
0.71   3   0.000318103   0.000311269   -0.000470723   -0.000962711   -0.000525052   0.000339053   -5.9814e-05   -0.000530975   0   0   0   0
0.72   0   0.25169   0   0.648599   0   -3.37247e-05   0   0.669287   0   0   0   0   0
0.72   1   -0.000273297   -0.000119086   -0.00170535   0.000566543   0.000220999   0.000309071   -0.00101689   -0.00079653   0   0   0   0
0.72   2   0.0270737   -0.000383175   -0.041188   0.000237171   0.00028213   0.0292712   -0.0103396   0.000173552   0   0   0   0
0.72   3   0.000319682   0.000318057   -0.000473498   -0.000964406   -0.000526829   0.000341951   -5.77533e-05   -0.000526572   0   0   0   0
0.73   0   0.250099   0   0.641691   0   -3.38531e-05   0   0.659255   0   0   0   0   0
0.73   1   -0.000273287   -0.000120184   -0.00171264   0.000587351   0.000225546   0.000301557   -0.00101925   -0.000790711   0   0   0   0
0.73   2   0.0269144   -0.00037823   -0.0409034   0.000228633   0.000275267   0.0290497   -0.0101878   0.00017231   0   0   0   0
0.73   3   0.000321227   0.000324712   -0.00047616   -0.000965942   -0.000528545   0.000344811   -5.57528e-05   -0.000522252   0   0   0   0
0.74   0   0.248504   0   0.634917   0   -3.3974e-05   0   0.649585   0   0   0   0   0
0.74   1   -0.000273216   -0.000121188   -0.00171978   0.000608041   0.000229974   0.000294202   -0.0010213   -0.000784898   0   0   0   0
0.74   2   0.0267549   -0.000373327   -0.0406217   0.000220281   0.000268529   0.0288309   -0.0100409   0.000171126   0   0   0   0
0.74   3   0.000322741   0.000331236   -0.000478709   -0.000967321   -0.0005302   0.000347631   -5.38102e-05   -0.000518011   0   0   0   0
0.75   0   0.246908   0   0.628274   0   -3.40878e-05   0   0.640257   0   0   0   0   0
0.75   1   -0.000273089   -0.0001221   -0.00172678   0.000628606   0.000234286   0.000287   -0.00102306   -0.000779095   0   0   0   0
0.75   2   0.0265953   -0.000368468   -0.0403427   0.000212109   0.000261915   0.0286149   -0.00989877   0.000169995   0   0   0   0
0.75   3   0.000324225   0.000337632   -0.000481144   -0.000968548   -0.000531793   0.000350407   -5.19229e-05   -0.000513848   0   0   0   0
0.76   0   0.245311   0   0.621759   0   -3.41951e-05   0   0.631255   0   0   0   0   0
0.76   1   -0.000272907   -0.000122925   -0.00173362   0.000649039   0.000238482   0.000279948   -0.00102457   -0.000773308   0   0   0   0
0.76   2   0.0264358   -0.000363654   -0.0400666   0.000204114   0.000255422   0.0284016   -0.00976114   0.000168915   0   0   0   0
0.76   3   0.000325681   0.000343901   -0.000483467   -0.000969624   -0.000533326   0.000353138   -5.00885e-05   -0.000509759   0   0   0   0
0.77   0   0.243714   0   0.615368   0   -3.42963e-05   0   0.62256   0   0   0   0   0
0.77   1   -0.000272674   -0.000123665   -0.00174031   0.000669331   0.000242566   0.000273043   -0.00102582   -0.00076754   0   0   0   0
0.77   2   0.0262764   -0.000358887   -0.0397933   0.00019629   0.000249048   0.028191   -0.0096278   0.000167882   0   0   0   0
0.77   3   0.000327109   0.000350048   -0.000485677   -0.000970554   -0.000534798   0.00035582   -4.83046e-05   -0.000505743   0   0   0   0
0.78   0   0.24213   0   0.609083   0   -3.43959e-05   0   0.614015   0   0   0   0   0
0.78   1   -0.000272415   -0.000124338   -0.00174676   0.000689414   0.000246545   0.000266264   -0.00102701   -0.00076185   0   0   0   0
0.78   2   0.0261185   -0.000354192   -0.0395227   0.000188612   0.00024279   0.0279828   -0.00949692   0.000166859   0   0   0   0
0.78   3   0.000328527   0.000356091   -0.00048775   -0.000971333   -0.000536199   0.000358421   -4.65497e-05   -0.000501784   0   0   0   0
0.79   0   0.240606   0   0.602833   0   -3.45133e-05   0   0.60496   0   0   0   0   0
0.79   1   -0.000272241   -0.000125012   -0.00175261   0.000709001   0.000250447   0.000259534   -0.0010289   -0.000756489   0   0   0   0
0.79   2   0.0259682   -0.00034968   -0.0392549   0.000180978   0.00023663   0.0277761   -0.00936088   0.000165696   0   0   0   0
0.79   3   0.000330011   0.00036211   -0.00048958   -0.000971936   -0.000537484   0.000360795   -4.47341e-05   -0.000497815   0   0   0   0
0.8   0   0.239087   0   0.596698   0   -3.46261e-05   0   0.596159   0   0   0   0   0
0.8   1   -0.000272024   -0.000125611   -0.00175829   0.000728424   0.000254243   0.000252939   -0.0010306   -0.000751163   0   0   0   0
0.8   2   0.0258185   -0.000345221   -0.0389898   0.0001735   0.000230585   0.027572   -0.00922845   0.000164569   0   0   0   0
0.8   3   0.000331471   0.000368013   -0.000491297   -0.000972402   -0.000538709   0.000363113   -4.29616e-05   -0.000493912   0   0   0   0
0.81   0   0.237572   0   0.590675   0   -3.47342e-05   0   0.587603   0   0   0   0   0
0.81   1   -0.000271766   -0.000126137   -0.0017638   0.000747682   0.000257935   0.000246476   -0.00103212   -0.000745872   0   0   0   0
0.81   2   0.0256694   -0.000340814   -0.0387274   0.000166178   0.000224652   0.0273703   -0.00909954   0.000163475   0   0   0   0
0.81   3   0.000332909   0.000373803   -0.000492904   -0.000972734   -0.000539874   0.000365376   -4.12312e-05   -0.000490074   0   0   0   0
0.82   0   0.236062   0   0.584763   0   -3.48378e-05   0   0.579289   0   0   0   0   0
0.82   1   -0.000271467   -0.000126592   -0.00176913   0.000766772   0.000261524   0.000240144   -0.00103346   -0.000740615   0   0   0   0
0.82   2   0.0255209   -0.00033646   -0.0384676   0.000159007   0.00021883   0.0271712   -0.00897407   0.000162415   0   0   0   0
0.82   3   0.000334323   0.00037948   -0.000494403   -0.000972937   -0.00054098   0.000367584   -3.95421e-05   -0.000486298   0   0   0   0
0.83   0   0.234556   0   0.578958   0   -3.4937e-05   0   0.571209   0   0   0   0   0
0.83   1   -0.000271129   -0.000126978   -0.0017743   0.000785692   0.000265011   0.000233938   -0.00103462   -0.000735394   0   0   0   0
0.83   2   0.025373   -0.000332158   -0.0382105   0.000151985   0.000213118   0.0269745   -0.00885197   0.000161387   0   0   0   0
0.83   3   0.000335713   0.000385045   -0.000495797   -0.000973014   -0.000542028   0.000369737   -3.78936e-05   -0.000482584   0   0   0   0
0.84   0   0.233056   0   0.57326   0   -3.5032e-05   0   0.563357   0   0   0   0   0
0.84   1   -0.000270752   -0.000127297   -0.0017793   0.000804441   0.000268399   0.000227857   -0.00103562   -0.000730209   0   0   0   0
0.84   2   0.0252257   -0.000327907   -0.037956   0.00014511   0.000207513   0.0267802   -0.00873313   0.000160391   0   0   0   0
0.84   3   0.00033708   0.0003905   -0.000497087   -0.000972969   -0.00054302   0.000371835   -3.62848e-05   -0.000478931   0   0   0   0
0.85   0   0.231562   0   0.567666   0   -3.51228e-05   0   0.555728   0   0   0   0   0
0.85   1   -0.000270338   -0.000127551   -0.00178414   0.000823015   0.000271688   0.000221899   -0.00103646   -0.000725059   0   0   0   0
0.85   2   0.0250792   -0.000323709   -0.0377041   0.000138378   0.000202015   0.0265883   -0.00861748   0.000159424   0   0   0   0
0.85   3   0.000338424   0.000395846   -0.000498276   -0.000972806   -0.000543955   0.000373879   -3.47148e-05   -0.000475338   0   0   0   0
0.86   0   0.230073   0   0.562174   0   -3.52095e-05   0   0.548315   0   0   0   0   0
0.86   1   -0.000269887   -0.000127742   -0.00178881   0.000841412   0.000274882   0.00021606   -0.00103714   -0.000719946   0   0   0   0
0.86   2   0.0249333   -0.000319562   -0.0374547   0.000131786   0.000196621   0.0263987   -0.00850494   0.000158487   0   0   0   0
0.86   3   0.000339744   0.000401085   -0.000499367   -0.000972529   -0.000544836   0.000375868   -3.31829e-05   -0.000471802   0   0   0   0
0.87   0   0.22859   0   0.556782   0   -3.52923e-05   0   0.541112   0   0   0   0   0
0.87   1   -0.000269401   -0.000127873   -0.00179331   0.000859631   0.000277981   0.000210339   -0.00103767   -0.000714869   0   0   0   0
0.87   2   0.0247882   -0.000315467   -0.0372079   0.000125332   0.000191331   0.0262115   -0.00839541   0.000157578   0   0   0   0
0.87   3   0.000341041   0.000406216   -0.000500361   -0.000972141   -0.000545663   0.000377804   -3.16882e-05   -0.000468324   0   0   0   0
0.88   0   0.227113   0   0.551489   0   -3.53713e-05   0   0.534114   0   0   0   0   0
0.88   1   -0.00026888   -0.000127944   -0.00179766   0.000877668   0.000280986   0.000204732   -0.00103805   -0.000709828   0   0   0   0
0.88   2   0.0246438   -0.000311423   -0.0369636   0.000119012   0.000186142   0.0260266   -0.00828882   0.000156696   0   0   0   0
0.88   3   0.000342314   0.000411242   -0.00050126   -0.000971646   -0.000546437   0.000379685   -3.02299e-05   -0.000464901   0   0   0   0
0.89   0   0.225644   0   0.546291   0   -3.54465e-05   0   0.527314   0   0   0   0   0
0.89   1   -0.000268326   -0.000127958   -0.00180184   0.000895522   0.0002839   0.000199238   -0.00103829   -0.000704824   0   0   0   0
0.89   2   0.0245001   -0.00030743   -0.0367218   0.000112825   0.000181053   0.025844   -0.00818508   0.000155841   0   0   0   0
0.89   3   0.000343564   0.000416164   -0.000502067   -0.000971049   -0.00054716   0.000381513   -2.88071e-05   -0.000461533   0   0   0   0
0.9   0   0.224181   0   0.541187   0   -3.55182e-05   0   0.520707   0   0   0   0   0
0.9   1   -0.000267738   -0.000127918   -0.00180587   0.00091319   0.000286725   0.000193855   -0.0010384   -0.000699858   0   0   0   0
0.9   2   0.0243573   -0.000303488   -0.0364825   0.000106766   0.000176062   0.0256636   -0.0080841   0.000155011   0   0   0   0
0.9   3   0.00034479   0.000420983   -0.000502784   -0.000970352   -0.000547831   0.000383287   -2.74191e-05   -0.000458218   0   0   0   0
0.91   0   0.222725   0   0.536175   0   -3.55863e-05   0   0.514285   0   0   0   0   0
0.91   1   -0.00026712   -0.000127824   -0.00180973   0.00093067   0.000289461   0.000188578   -0.00103837   -0.000694928   0   0   0   0
0.91   2   0.0242153   -0.000299597   -0.0362457   0.000100834   0.000171168   0.0254854   -0.0079858   0.000154205   0   0   0   0
0.91   3   0.000345992   0.0004257   -0.000503414   -0.00096956   -0.000548452   0.000385009   -2.6065e-05   -0.000454956   0   0   0   0
0.92   0   0.221277   0   0.531253   0   -3.56511e-05   0   0.508044   0   0   0   0   0
0.92   1   -0.00026647   -0.00012768   -0.00181344   0.00094796   0.000292111   0.000183407   -0.00103822   -0.000690036   0   0   0   0
0.92   2   0.0240741   -0.000295757   -0.0360112   9.50257e-05   0.00016637   0.0253095   -0.0078901   0.000153423   0   0   0   0
0.92   3   0.000347171   0.000430317   -0.000503957   -0.000968676   -0.000549023   0.000386677   -2.47439e-05   -0.000451745   0   0   0   0
0.93   0   0.219836   0   0.52642   0   -3.57125e-05   0   0.501976   0   0   0   0   0
0.93   1   -0.00026579   -0.000127486   -0.001817   0.000965058   0.000294676   0.000178338   -0.00103795   -0.000685182   0   0   0   0
0.93   2   0.0239337   -0.000291966   -0.0357792   8.93378e-05   0.000161665   0.0251357   -0.00779691   0.000152663   0   0   0   0
0.93   3   0.000348326   0.000434834   -0.000504418   -0.000967704   -0.000549547   0.000388292   -2.34551e-05   -0.000448583   0   0   0   0
0.94   0   0.218404   0   0.521672   0   -3.57708e-05   0   0.496077   0   0   0   0   0
0.94   1   -0.000265082   -0.000127246   -0.0018204   0.00098196   0.000297158   0.000173369   -0.00103756   -0.000680366   0   0   0   0
0.94   2   0.0237942   -0.000288226   -0.0355495   8.37675e-05   0.000157052   0.024964   -0.00770615   0.000151925   0   0   0   0
0.94   3   0.000349457   0.000439253   -0.000504797   -0.000966648   -0.000550023   0.000389855   -2.21978e-05   -0.000445471   0   0   0   0
0.95   0   0.21698   0   0.517007   0   -3.5826e-05   0   0.49034   0   0   0   0   0
0.95   1   -0.000264346   -0.000126961   -0.00182365   0.000998666   0.000299558   0.000168498   -0.00103707   -0.000675589   0   0   0   0
0.95   2   0.0236556   -0.000284536   -0.0353222   7.83122e-05   0.00015253   0.0247944   -0.00761773   0.000151206   0   0   0   0
0.95   3   0.000350564   0.000443574   -0.000505098   -0.000965511   -0.000550454   0.000391365   -2.0971e-05   -0.000442405   0   0   0   0
0.96   0   0.215564   0   0.512425   0   -3.58783e-05   0   0.484759   0   0   0   0   0
0.96   1   -0.000263583   -0.000126633   -0.00182675   0.00101517   0.000301878   0.000163722   -0.00103647   -0.000670849   0   0   0   0
0.96   2   0.023518   -0.000280896   -0.0350972   7.2969e-05   0.000148096   0.0246269   -0.00753157   0.000150508   0   0   0   0
0.96   3   0.000351648   0.0004478   -0.000505322   -0.000964299   -0.000550838   0.000392823   -1.9774e-05   -0.000439386   0   0   0   0
0.97   0   0.214158   0   0.507922   0   -3.59278e-05   0   0.479327   0   0   0   0   0
0.97   1   -0.000262794   -0.000126264   -0.0018297   0.00103148   0.00030412   0.000159039   -0.00103576   -0.000666149   0   0   0   0
0.97   2   0.0233813   -0.000277305   -0.0348745   6.77351e-05   0.00014375   0.0244615   -0.00744758   0.000149828   0   0   0   0
0.97   3   0.000352707   0.000451932   -0.000505471   -0.000963013   -0.000551179   0.000394229   -1.86059e-05   -0.000436413   0   0   0   0
0.98   0   0.21276   0   0.503498   0   -3.59745e-05   0   0.47404   0   0   0   0   0
0.98   1   -0.00026198   -0.000125856   -0.0018325   0.00104758   0.000306286   0.000154445   -0.00103497   -0.000661487   0   0   0   0
0.98   2   0.0232455   -0.000273764   -0.0346542   6.26076e-05   0.00013949   0.0242981   -0.00736568   0.000149165   0   0   0   0
0.98   3   0.000353743   0.00045597   -0.000505549   -0.000961659   -0.000551476   0.000395584   -1.7466e-05   -0.000433482   0   0   0   0
0.99   0   0.211373   0   0.499149   0   -3.60185e-05   0   0.46889   0   0   0   0   0
0.99   1   -0.000261142   -0.000125411   -0.00183515   0.00106347   0.000308376   0.00014994   -0.00103408   -0.000656865   0   0   0   0
0.99   2   0.0231107   -0.000270271   -0.034436   5.75836e-05   0.000135314   0.0241367   -0.00728578   0.000148519   0   0   0   0
0.99   3   0.000354755   0.000459916   -0.000505556   -0.000960239   -0.00055173   0.000396887   -1.63533e-05   -0.000430595   0   0   0   0
1   0   0.209994   0   0.494873   0   -3.60601e-05   0   0.463872   0   0   0   0   0
1   1   -0.000260281   -0.000124931   -0.00183766   0.00107916   0.000310393   0.00014552   -0.00103312   -0.000652283   0   0   0   0
1   2   0.022977   -0.000266828   -0.0342202   5.26604e-05   0.000131221   0.0239773   -0.0072078   0.000147888   0   0   0   0
1   3   0.000355742   0.00046377   -0.000505496   -0.000958758   -0.000551944   0.000398139   -1.52671e-05   -0.000427749   0   0   0   0
1.01   0   0.208626   0   0.49067   0   -3.60993e-05   0   0.45898   0   0   0   0   0
1.01   1   -0.000259398   -0.000124418   -0.00184002   0.00109463   0.000312339   0.000141183   -0.00103207   -0.00064774   0   0   0   0
1.01   2   0.0228442   -0.000263434   -0.0340065   4.78351e-05   0.000127209   0.0238198   -0.00713166   0.000147272   0   0   0   0
1.01   3   0.000356706   0.000467536   -0.00050537   -0.000957219   -0.000552116   0.000399339   -1.42066e-05   -0.000424944   0   0   0   0
